Date	Open	High	Low	Close	Volume	Market Cap
4/7/19	0.026843	0.029463	0.026679	0.028895	552,496,053	1,926,752,662
4/6/19	0.027241	0.027429	0.0265	0.02686	396,057,876	1,791,049,253
4/5/19	0.025969	0.027593	0.025966	0.027239	453,160,618	1,816,364,487
4/4/19	0.026011	0.026945	0.025198	0.025982	432,565,534	1,732,543,687
4/3/19	0.02687	0.029136	0.025351	0.025944	641,811,998	1,730,000,859
4/2/19	0.024341	0.027026	0.024341	0.026884	671,204,433	1,792,687,603
4/1/19	0.023507	0.024933	0.0234	0.02434	331,600,220	1,623,063,140
3/31/19	0.023293	0.023596	0.023151	0.023523	190,106,148	1,568,590,127
3/30/19	0.023294	0.024287	0.022797	0.023292	227,044,995	1,553,191,324
3/29/19	0.023393	0.023917	0.022998	0.023319	273,806,472	1,554,941,129
3/28/19	0.023614	0.023628	0.023141	0.023382	214,311,281	1,559,182,527
3/27/19	0.022673	0.023668	0.022576	0.023623	241,360,970	1,575,225,029
3/26/19	0.022763	0.022835	0.022169	0.022629	226,574,961	1,508,973,698
3/25/19	0.023404	0.023491	0.022381	0.022747	259,384,297	1,516,833,586
3/24/19	0.02444	0.024529	0.023143	0.023366	270,254,346	1,558,089,825
3/23/19	0.022736	0.024497	0.022632	0.024404	364,384,766	1,627,297,280
3/22/19	0.022447	0.022922	0.022405	0.022749	174,571,200	1,516,929,048
3/21/19	0.023085	0.023098	0.022281	0.022472	185,021,970	1,498,485,737
3/20/19	0.0231	0.023125	0.022731	0.023081	166,565,928	1,539,101,398
3/19/19	0.023044	0.023165	0.022752	0.023091	164,337,837	1,539,758,937
3/18/19	0.023161	0.023444	0.022767	0.023003	180,460,923	1,533,913,326
3/17/19	0.023369	0.023407	0.023004	0.02314	155,662,772	1,543,003,579
3/16/19	0.023166	0.023651	0.023086	0.023374	195,407,917	1,558,635,015
3/15/19	0.022626	0.023244	0.022534	0.023171	141,062,816	1,545,078,398
3/14/19	0.022387	0.023011	0.022355	0.022648	150,611,750	1,510,224,735
3/13/19	0.022402	0.022613	0.022092	0.022441	102,721,071	1,496,433,014
3/12/19	0.022271	0.022688	0.021856	0.022399	103,129,813	1,493,623,463
3/11/19	0.022892	0.023212	0.022121	0.022245	150,553,430	1,483,373,739
3/10/19	0.022948	0.023207	0.022556	0.023071	148,100,619	1,538,405,289
3/9/19	0.022548	0.023019	0.02223	0.022875	156,377,581	1,525,374,702
3/8/19	0.023206	0.023212	0.022533	0.022564	157,215,771	1,504,581,580
3/7/19	0.023426	0.023717	0.02312	0.023188	140,664,451	1,546,220,905
3/6/19	0.023969	0.023988	0.023225	0.023431	161,164,628	1,562,431,006
3/5/19	0.023068	0.024047	0.02227	0.023997	233,979,257	1,600,176,054
3/4/19	0.022674	0.023244	0.021043	0.022937	230,202,985	1,529,482,001
3/3/19	0.022934	0.023188	0.022599	0.022723	114,553,316	1,515,198,953
3/2/19	0.023671	0.0237	0.022514	0.022937	201,484,006	1,529,503,689
3/1/19	0.023878	0.024011	0.023666	0.023726	128,326,437	1,582,095,415
2/28/19	0.024132	0.024339	0.023737	0.023867	150,484,768	1,591,516,789
2/27/19	0.024385	0.024467	0.023639	0.024131	152,193,562	1,609,080,601
2/26/19	0.024344	0.02468	0.023958	0.024412	159,243,421	1,627,874,617
2/25/19	0.023714	0.024661	0.023714	0.02445	193,452,748	1,630,393,923
2/24/19	0.025465	0.027183	0.022805	0.023809	352,101,654	1,587,629,390
2/23/19	0.025131	0.025539	0.024925	0.025455	152,106,379	1,697,403,394
2/22/19	0.02479	0.02516	0.024727	0.025158	127,494,150	1,677,564,639
2/21/19	0.025201	0.025364	0.024643	0.024804	148,824,564	1,653,985,090
2/20/19	0.024981	0.025428	0.024452	0.025228	144,523,656	1,682,227,079
2/19/19	0.025008	0.025988	0.024993	0.024993	200,614,927	1,666,581,876
2/18/19	0.023833	0.025177	0.023833	0.024984	218,788,420	1,665,955,032
2/17/19	0.023963	0.024104	0.023563	0.023818	129,569,495	1,588,228,527
2/16/19	0.024042	0.024116	0.023784	0.023954	123,247,151	1,597,288,741
2/15/19	0.023767	0.024613	0.023747	0.024056	131,747,206	1,604,077,571
2/14/19	0.024206	0.024435	0.023424	0.023726	133,232,136	1,581,835,917
2/13/19	0.02456	0.025251	0.023977	0.024209	143,707,398	1,614,051,410
2/12/19	0.024638	0.024823	0.024267	0.024533	156,849,554	1,635,628,307
2/11/19	0.025831	0.026113	0.024454	0.024727	224,477,577	1,648,566,864
2/10/19	0.026276	0.026313	0.025133	0.025814	217,842,436	1,721,025,029
2/9/19	0.026811	0.027429	0.026222	0.026265	195,675,256	1,751,099,121
2/8/19	0.025717	0.027293	0.025577	0.0268	228,499,103	1,786,810,202
2/7/19	0.025558	0.026112	0.025508	0.025702	155,638,484	1,713,590,489
2/6/19	0.026186	0.026659	0.025396	0.025575	213,275,337	1,705,100,839
2/5/19	0.026884	0.027581	0.02611	0.026178	235,468,419	1,745,321,680
2/4/19	0.025477	0.028643	0.025199	0.027058	354,502,264	1,803,954,239
2/3/19	0.026108	0.02614	0.025296	0.025442	174,803,441	1,696,159,966
2/2/19	0.026232	0.026377	0.02573	0.026112	189,382,943	1,740,803,993
2/1/19	0.025325	0.026639	0.024284	0.026271	266,911,186	1,751,407,526
1/31/19	0.027313	0.027562	0.02543	0.02543	288,020,365	1,695,281,545
1/30/19	0.027318	0.028125	0.026973	0.02729	263,325,496	1,819,292,450
1/29/19	0.027003	0.027851	0.026183	0.027341	284,671,372	1,822,610,017
1/28/19	0.029248	0.029254	0.02577	0.026888	470,040,284	1,792,414,630
1/27/19	0.028721	0.030687	0.028338	0.029282	395,857,213	1,951,984,411
1/26/19	0.026758	0.029019	0.02658	0.028659	287,822,262	1,910,371,481
1/25/19	0.02699	0.027104	0.026541	0.026767	207,081,806	1,784,252,872
1/24/19	0.026491	0.027219	0.026204	0.026909	171,347,507	1,793,718,654
1/23/19	0.026342	0.027278	0.025861	0.026557	263,548,455	1,770,223,608
1/22/19	0.025568	0.02671	0.025331	0.026385	247,836,124	1,758,703,939
1/21/19	0.023862	0.025635	0.023703	0.02561	230,873,327	1,707,046,433
1/20/19	0.024545	0.024755	0.023395	0.02387	130,983,395	1,591,020,870
1/19/19	0.02477	0.025043	0.023797	0.024568	149,301,842	1,637,519,380
1/18/19	0.025296	0.025632	0.024781	0.024801	138,895,643	1,653,057,364
1/17/19	0.025165	0.02605	0.024286	0.025321	193,853,594	1,687,652,402
1/16/19	0.024481	0.025353	0.024141	0.02518	172,007,503	1,678,251,865
1/15/19	0.026131	0.026489	0.023915	0.024558	269,270,597	1,636,805,583
1/14/19	0.021304	0.025933	0.021151	0.025671	447,035,751	1,710,959,699
1/13/19	0.023524	0.023619	0.02108	0.02129	170,493,613	1,418,916,138
1/12/19	0.025097	0.025116	0.023137	0.0235	228,910,149	1,566,205,165
1/11/19	0.025751	0.027885	0.024872	0.025128	377,913,706	1,674,709,540
1/10/19	0.028544	0.034225	0.024559	0.025847	972,801,039	1,722,582,542
1/9/19	0.026374	0.029723	0.025755	0.028418	313,368,064	1,893,889,900
1/8/19	0.023717	0.026664	0.023184	0.026336	320,028,399	1,755,126,352
1/7/19	0.023054	0.024112	0.022799	0.023601	150,320,431	1,572,854,360
1/6/19	0.022323	0.023599	0.021861	0.023005	151,845,152	1,533,052,181
1/5/19	0.021401	0.023469	0.021401	0.022294	213,153,344	1,485,654,797
1/4/19	0.020035	0.021817	0.019854	0.021492	157,943,636	1,432,220,061
1/3/19	0.020162	0.020823	0.019766	0.020088	110,250,991	1,338,612,807
1/2/19	0.019594	0.020386	0.019248	0.020222	94,380,030	1,347,509,926
1/1/19	0.018892	0.019653	0.018746	0.019561	72,033,016	1,303,479,300
12/31/18	0.019973	0.020001	0.018826	0.018826	65,808,388	1,254,466,431
12/30/18	0.020046	0.020442	0.019709	0.019947	71,517,430	1,329,143,863
12/29/18	0.020889	0.021028	0.020004	0.020004	97,614,433	1,332,915,269
12/28/18	0.018512	0.021018	0.018147	0.020868	125,947,733	1,390,471,113
12/27/18	0.020437	0.020527	0.018393	0.018488	101,383,039	1,231,854,130
12/26/18	0.020011	0.02092	0.019593	0.020447	126,978,263	1,362,422,619
12/25/18	0.021057	0.021057	0.018724	0.020008	134,753,602	1,333,092,749
12/24/18	0.020908	0.023671	0.020689	0.02107	189,212,251	1,403,852,883
12/23/18	0.021036	0.022	0.020621	0.020911	137,162,934	1,393,248,734
12/22/18	0.020031	0.021392	0.01869	0.020966	205,134,523	1,396,919,542
12/21/18	0.017323	0.022546	0.017164	0.020021	297,256,276	1,333,912,303
12/20/18	0.015529	0.017531	0.015493	0.017385	153,780,391	1,155,486,076
12/19/18	0.014903	0.017552	0.014882	0.015665	154,903,029	1,041,199,795
12/18/18	0.014215	0.014855	0.013919	0.014831	85,124,713	985,731,823
12/17/18	0.013035	0.014543	0.013021	0.014221	76,507,902	945,171,695
12/16/18	0.012783	0.013331	0.012752	0.013022	50,617,473	865,476,180
12/15/18	0.012789	0.01293	0.012591	0.012784	40,979,880	849,683,642
12/14/18	0.013055	0.013176	0.012609	0.012775	57,158,874	849,070,529
12/13/18	0.013336	0.013465	0.012987	0.013058	84,620,147	865,075,082
12/12/18	0.013291	0.013649	0.013231	0.013353	65,379,207	884,591,712
12/11/18	0.013292	0.013474	0.013089	0.013291	67,716,703	880,508,583
12/10/18	0.013608	0.013775	0.013132	0.013317	58,353,052	882,182,593
12/9/18	0.013416	0.013991	0.013333	0.013625	58,390,962	902,611,068
12/8/18	0.013241	0.013762	0.012889	0.013467	69,080,665	892,118,083
12/7/18	0.012833	0.0134	0.012318	0.013225	97,661,557	876,069,050
12/6/18	0.013938	0.014498	0.012817	0.012817	82,841,981	847,781,486
12/5/18	0.014439	0.01471	0.013952	0.013952	69,577,290	922,861,947
12/4/18	0.013835	0.015252	0.013537	0.014412	77,358,762	953,286,940
12/3/18	0.014959	0.014972	0.013607	0.013868	73,121,095	917,251,052
12/2/18	0.015157	0.015544	0.014743	0.014935	62,667,776	987,857,122
12/1/18	0.014453	0.015528	0.013957	0.015184	87,112,118	1,004,282,933
11/30/18	0.015779	0.015779	0.013567	0.01439	109,408,268	951,790,054
11/29/18	0.014697	0.016886	0.01443	0.015695	179,257,157	1,038,039,758
11/28/18	0.011846	0.015679	0.011846	0.014649	144,929,000	963,170,387
11/27/18	0.011669	0.011971	0.01127	0.011855	55,086,700	779,470,163
11/26/18	0.012314	0.012845	0.01127	0.011661	71,673,900	766,662,431
11/25/18	0.012509	0.012696	0.01089	0.012373	79,478,000	813,501,385
11/24/18	0.013674	0.013995	0.012084	0.012548	68,651,200	825,027,029
11/23/18	0.013829	0.013922	0.01323	0.01367	61,201,000	898,763,537
11/22/18	0.014726	0.014817	0.013876	0.013876	58,052,500	912,340,522
11/21/18	0.013974	0.014949	0.013499	0.014726	101,730,000	968,232,991
11/20/18	0.015751	0.016298	0.012835	0.013839	131,001,000	909,914,416
11/19/18	0.018846	0.018855	0.015692	0.015803	103,267,000	1,039,017,408
11/18/18	0.018848	0.019133	0.018688	0.018849	82,353,500	1,239,266,432
11/17/18	0.018902	0.018911	0.018505	0.018809	58,196,600	1,236,623,358
11/16/18	0.019059	0.019492	0.018688	0.018896	66,279,000	1,242,369,743
11/15/18	0.0194	0.019563	0.017546	0.019076	86,974,800	1,254,230,702
11/14/18	0.021946	0.021946	0.018364	0.01936	92,991,300	1,272,883,441
11/13/18	0.022417	0.022508	0.021934	0.021999	60,343,200	1,446,359,834
11/12/18	0.022867	0.022934	0.022222	0.022471	60,384,600	1,477,452,116
11/11/18	0.023014	0.023044	0.022604	0.022811	46,834,800	1,499,793,324
11/10/18	0.023035	0.023217	0.022736	0.023023	50,249,500	1,513,731,924
11/9/18	0.023085	0.023303	0.022846	0.023028	52,900,400	1,514,040,940
11/8/18	0.023766	0.024254	0.023031	0.023115	59,261,300	1,519,734,727
11/7/18	0.024362	0.025835	0.023643	0.023774	124,654,000	1,563,115,331
11/6/18	0.023796	0.025294	0.023543	0.024421	117,452,000	1,612,281,769
11/5/18	0.023247	0.023993	0.023073	0.023745	77,425,400	1,561,195,486
11/4/18	0.022692	0.023482	0.022429	0.023273	85,125,200	1,530,155,802
11/3/18	0.022864	0.022864	0.022505	0.022701	65,167,000	1,492,515,008
11/2/18	0.022579	0.023114	0.02252	0.02286	72,574,300	1,502,968,958
11/1/18	0.022194	0.023718	0.022112	0.022575	59,714,000	1,484,257,046
10/31/18	0.022223	0.022257	0.021636	0.022192	61,235,400	1,459,082,094
10/30/18	0.022162	0.022363	0.022032	0.022191	59,288,100	1,459,003,196
10/29/18	0.023491	0.023584	0.021947	0.022185	71,341,500	1,458,602,132
10/28/18	0.023418	0.023583	0.023305	0.023555	68,048,500	1,548,696,770
10/27/18	0.023637	0.023754	0.022817	0.023274	68,108,100	1,530,214,976
10/26/18	0.023086	0.023695	0.02289	0.023586	82,337,400	1,550,702,087
10/25/18	0.023477	0.023487	0.022922	0.023144	81,264,400	1,521,661,146
10/24/18	0.023397	0.023822	0.023395	0.02348	63,083,100	1,543,745,937
10/23/18	0.023819	0.023879	0.02305	0.023477	80,184,600	1,543,568,417
10/22/18	0.02419	0.024339	0.023667	0.023811	81,313,000	1,565,508,562
10/21/18	0.024138	0.024643	0.023965	0.024196	92,125,200	1,590,867,609
10/20/18	0.024092	0.024267	0.023958	0.024157	87,168,500	1,588,250,834
10/19/18	0.024247	0.024327	0.023901	0.024074	83,554,800	1,582,820,040
10/18/18	0.024238	0.024938	0.024008	0.024271	113,584,000	1,595,772,418
10/17/18	0.024422	0.024508	0.023766	0.024234	103,220,000	1,593,326,588
10/16/18	0.025132	0.025132	0.024224	0.024358	103,826,000	1,601,518,803
10/15/18	0.023509	0.025798	0.023	0.025082	197,544,000	1,649,080,987
10/14/18	0.023614	0.024577	0.023503	0.023622	146,316,000	1,553,128,193
10/13/18	0.022701	0.023901	0.022701	0.023565	149,554,000	1,549,334,526
10/12/18	0.02076	0.023624	0.02068	0.022738	183,447,000	1,494,960,838
10/11/18	0.025306	0.025306	0.020873	0.020929	172,387,000	1,376,055,378
10/10/18	0.025939	0.025939	0.024636	0.025355	165,671,000	1,667,023,646
10/9/18	0.026573	0.026794	0.025279	0.026058	188,256,000	1,713,270,868
10/8/18	0.027012	0.02805	0.026098	0.026592	302,834,000	1,748,393,509
10/7/18	0.023775	0.027222	0.023662	0.026875	299,132,000	1,767,000,225
10/6/18	0.023376	0.024275	0.022972	0.023715	162,799,000	1,559,203,318
10/5/18	0.022737	0.023286	0.022442	0.023275	139,745,000	1,530,287,299
10/4/18	0.021619	0.023426	0.021614	0.022703	148,666,000	1,492,653,079
10/3/18	0.022057	0.022057	0.021248	0.0216	107,097,000	1,420,146,062
10/2/18	0.022057	0.02238	0.021901	0.022093	111,868,000	1,452,546,731
10/1/18	0.022214	0.02233	0.021706	0.022052	110,444,000	1,449,864,208
9/30/18	0.022049	0.022592	0.021912	0.022165	117,217,000	1,457,287,170
9/29/18	0.021933	0.022144	0.021323	0.022035	108,096,000	1,448,759,640
9/28/18	0.022507	0.022962	0.021458	0.021978	114,936,000	1,444,979,124
9/27/18	0.021097	0.022797	0.020747	0.022507	124,196,000	1,479,792,749
9/26/18	0.021274	0.02197	0.020384	0.021028	110,081,000	1,382,518,418
9/25/18	0.022029	0.022029	0.020275	0.02128	126,284,000	1,399,126,391
9/24/18	0.023739	0.024093	0.021965	0.022089	116,603,000	1,452,290,314
9/23/18	0.023198	0.024604	0.023094	0.023791	138,225,000	1,564,239,623
9/22/18	0.024907	0.02537	0.022404	0.023176	173,243,000	1,523,751,936
9/21/18	0.021506	0.025817	0.021356	0.02493	283,823,000	1,639,126,723
9/20/18	0.019762	0.021722	0.01974	0.021413	135,790,000	1,407,857,740
9/19/18	0.019356	0.02017	0.019013	0.019753	114,381,000	1,298,729,024
9/18/18	0.018478	0.019582	0.018396	0.019389	100,841,000	1,274,809,861
9/17/18	0.019956	0.020283	0.018351	0.018517	109,688,000	1,217,484,083
9/16/18	0.019925	0.020119	0.019385	0.019975	102,132,000	1,313,311,955
9/15/18	0.019823	0.020388	0.019823	0.019933	94,169,900	1,310,537,385
9/14/18	0.019981	0.020683	0.019274	0.019832	117,114,000	1,303,936,275
9/13/18	0.018289	0.020407	0.018289	0.019946	124,862,000	1,311,385,536
9/12/18	0.01868	0.018782	0.017237	0.018243	109,120,000	1,199,409,927
9/11/18	0.019416	0.019655	0.01812	0.018677	106,212,000	1,227,944,607
9/10/18	0.020088	0.020294	0.019129	0.019381	101,717,000	1,274,283,876
9/9/18	0.019311	0.020249	0.018986	0.019365	97,726,800	1,273,192,458
9/8/18	0.020594	0.020934	0.019039	0.019312	98,754,400	1,269,707,808
9/7/18	0.021599	0.021888	0.020413	0.020595	110,765,000	1,354,095,509
9/6/18	0.021659	0.021713	0.020433	0.021644	142,361,000	1,423,065,278
9/5/18	0.02527	0.025455	0.02181	0.02181	150,148,000	1,433,966,315
9/4/18	0.025059	0.025748	0.024997	0.025255	96,674,400	1,660,475,134
9/3/18	0.025642	0.025707	0.024685	0.025037	91,449,300	1,646,155,196
9/2/18	0.026574	0.026591	0.024946	0.025572	104,754,000	1,681,284,412
9/1/18	0.025383	0.027041	0.025383	0.02659	109,153,000	1,748,222,564
8/31/18	0.024894	0.025463	0.024399	0.025345	106,949,000	1,666,379,315
8/30/18	0.02542	0.025883	0.023464	0.024897	119,155,000	1,636,917,586
8/29/18	0.026768	0.027177	0.025028	0.025426	143,515,000	1,671,685,187
8/28/18	0.02448	0.027453	0.024278	0.026847	166,567,000	1,765,152,703
8/27/18	0.022784	0.024477	0.022523	0.02446	107,457,000	1,608,198,811
8/26/18	0.022437	0.023	0.02142	0.022764	97,504,300	1,496,696,588
8/25/18	0.021579	0.022634	0.021227	0.022481	88,818,800	1,478,056,999
8/24/18	0.020804	0.021653	0.020534	0.021606	90,424,900	1,420,553,700
8/23/18	0.019689	0.020782	0.019654	0.020771	82,585,900	1,365,634,303
8/22/18	0.020998	0.022219	0.019347	0.019712	96,828,800	1,296,026,777
8/21/18	0.020594	0.021289	0.02022	0.021003	98,379,000	1,380,907,589
8/20/18	0.022236	0.022706	0.020423	0.020661	99,473,200	1,358,441,459
8/19/18	0.021571	0.02281	0.021009	0.022263	97,137,100	1,463,756,784
8/18/18	0.023404	0.024552	0.02059	0.021619	141,608,000	1,421,401,851
8/17/18	0.019516	0.02336	0.019425	0.023281	152,305,000	1,530,648,913
8/16/18	0.01944	0.020053	0.019207	0.019521	103,582,000	1,283,462,313
8/15/18	0.019159	0.020839	0.019159	0.019443	136,496,000	1,278,340,535
8/14/18	0.019445	0.019518	0.016666	0.019059	108,349,000	1,253,073,535
8/13/18	0.022636	0.023059	0.019226	0.019362	124,043,000	1,273,028,087
8/12/18	0.022632	0.023183	0.022457	0.022581	101,854,000	1,484,644,959
8/11/18	0.023819	0.023871	0.022108	0.022614	119,307,000	1,486,854,096
8/10/18	0.025864	0.026085	0.023455	0.023822	134,155,000	1,566,251,516
8/9/18	0.02453	0.026503	0.023875	0.025941	142,877,000	1,705,598,063
8/8/18	0.027831	0.027831	0.023812	0.024482	147,343,000	1,609,638,694
8/7/18	0.029214	0.029981	0.027724	0.027866	116,330,000	1,832,143,454
8/6/18	0.030379	0.031027	0.028905	0.029228	118,348,000	1,921,666,083
8/5/18	0.028932	0.030642	0.028353	0.030329	124,479,000	1,994,067,903
8/4/18	0.030597	0.031183	0.028626	0.028932	128,197,000	1,902,250,665
8/3/18	0.031528	0.031659	0.029532	0.030602	154,910,000	2,012,010,563
8/2/18	0.032677	0.033324	0.030994	0.031539	148,160,000	2,073,603,394
8/1/18	0.033967	0.034035	0.031829	0.032643	140,270,000	2,146,235,333
7/31/18	0.036498	0.036498	0.033552	0.033926	211,254,000	2,230,570,436
7/30/18	0.039096	0.039423	0.035387	0.036452	254,606,000	2,396,656,741
7/29/18	0.036788	0.040549	0.036739	0.039236	310,647,008	2,579,692,909
7/28/18	0.036506	0.036868	0.035906	0.036782	183,664,000	2,418,333,893
7/27/18	0.035937	0.037045	0.035212	0.036504	218,420,992	2,400,075,642
7/26/18	0.037094	0.03851	0.035448	0.035996	190,784,992	2,366,662,452
7/25/18	0.037799	0.038779	0.03629	0.037122	221,752,992	2,440,688,251
7/24/18	0.03408	0.038875	0.032905	0.038107	323,728,992	2,505,450,141
7/23/18	0.035094	0.036111	0.034042	0.034061	194,284,000	2,239,453,006
7/22/18	0.035544	0.03634	0.035062	0.035123	189,920,992	2,309,284,075
7/21/18	0.034935	0.036313	0.033992	0.035603	210,056,992	2,340,843,169
7/20/18	0.037903	0.037903	0.034592	0.034906	225,139,008	2,295,016,735
7/19/18	0.039456	0.039457	0.037503	0.037917	259,096,992	2,492,964,574
7/18/18	0.039645	0.043077	0.03913	0.039661	284,600,992	2,607,649,006
7/17/18	0.037455	0.040547	0.036155	0.039759	228,396,992	2,614,092,321
7/16/18	0.034404	0.037521	0.034178	0.037521	211,212,000	2,466,921,747
7/15/18	0.033421	0.034954	0.033167	0.034364	180,511,008	2,259,381,258
7/14/18	0.033293	0.033829	0.032666	0.033429	170,704,000	2,197,887,049
7/13/18	0.032278	0.034455	0.032278	0.03334	179,488,000	2,192,009,168
7/12/18	0.03357	0.03357	0.031399	0.032228	162,156,992	2,118,910,418
7/11/18	0.033524	0.034532	0.032878	0.033578	173,036,992	2,207,703,242
7/10/18	0.035826	0.036056	0.032816	0.033588	132,760,000	2,208,321,275
7/9/18	0.037103	0.037164	0.035782	0.035798	144,390,000	2,353,644,326
7/8/18	0.03831	0.038588	0.037046	0.0371	104,921,000	2,439,268,092
7/7/18	0.036927	0.038334	0.036107	0.038334	96,368,304	2,520,361,813
7/6/18	0.037843	0.037926	0.0353	0.036975	119,639,000	2,431,043,003
7/5/18	0.039199	0.039767	0.037406	0.037861	118,836,000	2,489,308,979
7/4/18	0.038852	0.04024	0.037468	0.038895	132,730,000	2,557,272,802
7/3/18	0.039529	0.040739	0.038495	0.038867	182,019,008	2,555,445,005
7/2/18	0.037643	0.040467	0.037049	0.039529	174,376,992	2,598,943,956
7/1/18	0.038439	0.038719	0.036936	0.037885	112,292,000	2,490,873,784
6/30/18	0.037279	0.040002	0.037172	0.038423	182,466,000	2,526,265,993
6/29/18	0.036566	0.037621	0.034706	0.037237	149,928,992	2,448,255,859
6/28/18	0.039087	0.039706	0.036344	0.036665	104,241,000	2,410,661,088
6/27/18	0.038187	0.03969	0.037685	0.038987	99,853,600	2,563,301,904
6/26/18	0.042402	0.042449	0.038262	0.038262	93,775,000	2,515,634,523
6/25/18	0.042391	0.043504	0.041215	0.042349	146,474,000	2,784,386,504
6/24/18	0.044196	0.044338	0.038552	0.04246	235,740,000	2,791,651,671
6/23/18	0.043278	0.044721	0.042531	0.044179	151,474,000	2,904,679,250
6/22/18	0.048611	0.048933	0.042247	0.043136	242,306,000	2,836,077,670
6/21/18	0.049206	0.050181	0.04748	0.04862	214,723,008	3,196,660,039
6/20/18	0.049581	0.049645	0.045133	0.049394	400,321,984	3,247,549,077
6/19/18	0.045178	0.051107	0.044808	0.049503	360,852,000	3,254,728,771
6/18/18	0.042569	0.045678	0.041498	0.045096	173,063,008	2,964,976,843
6/17/18	0.043163	0.043605	0.042558	0.042648	114,357,000	2,804,038,615
6/16/18	0.042799	0.043685	0.041809	0.043215	137,208,000	2,841,291,495
6/15/18	0.045617	0.046074	0.042534	0.04287	210,247,008	2,818,634,696
6/14/18	0.04146	0.045732	0.040566	0.045417	283,351,008	2,986,075,412
6/13/18	0.044008	0.044408	0.03895	0.041533	242,384,000	2,730,703,171
6/12/18	0.048772	0.048813	0.042842	0.043982	199,435,008	2,891,740,021
6/11/18	0.04786	0.049116	0.045696	0.048829	254,203,008	3,210,447,418
6/10/18	0.057138	0.057138	0.045858	0.048003	330,216,000	3,156,093,454
6/9/18	0.05772	0.059221	0.057157	0.057157	171,568,992	3,757,984,542
6/8/18	0.05868	0.058791	0.056793	0.057577	176,148,000	3,785,552,725
6/7/18	0.059433	0.060349	0.058391	0.058819	164,796,000	3,867,244,754
6/6/18	0.060621	0.06065	0.058435	0.059408	188,314,000	3,905,990,116
6/5/18	0.05922	0.060823	0.057337	0.060577	220,480,992	3,982,829,934
6/4/18	0.062018	0.062488	0.058259	0.059179	216,791,008	3,890,900,924
6/3/18	0.061157	0.063396	0.060775	0.061978	250,455,008	4,074,962,763
6/2/18	0.058817	0.063237	0.057739	0.061184	297,120,992	4,022,745,613
6/1/18	0.060612	0.061605	0.056415	0.058707	268,287,008	3,859,880,965
5/31/18	0.062436	0.064002	0.059449	0.060541	371,256,992	3,980,463,002
5/30/18	0.06511	0.068083	0.060278	0.062402	463,945,984	4,102,839,962
5/29/18	0.061097	0.065944	0.057386	0.065009	569,742,976	4,274,245,289
5/28/18	0.070651	0.07075	0.060207	0.060654	493,598,016	3,987,853,090
5/27/18	0.072981	0.073451	0.06938	0.070601	311,443,008	4,641,902,155
5/26/18	0.071067	0.076325	0.070482	0.073162	334,004,992	4,810,276,494
5/25/18	0.073201	0.073279	0.069467	0.071279	301,519,008	4,686,446,500
5/24/18	0.070087	0.074387	0.0687	0.073095	587,902,016	4,805,845,071
5/23/18	0.075072	0.076696	0.067811	0.069848	608,060,032	4,592,367,527
5/22/18	0.082253	0.083211	0.074271	0.074829	498,436,000	4,919,885,171
5/21/18	0.0777	0.084728	0.077381	0.082378	802,233,024	5,416,165,067
5/20/18	0.069269	0.078197	0.068474	0.077269	470,467,008	5,080,290,839
5/19/18	0.069481	0.070564	0.067618	0.069144	206,880,992	4,546,074,282
5/18/18	0.067023	0.06953	0.064977	0.069387	263,304,992	4,562,044,498
5/17/18	0.071912	0.073442	0.066256	0.067437	304,225,984	4,433,848,830
5/16/18	0.068191	0.072183	0.064071	0.071954	492,396,000	4,730,852,775
5/15/18	0.072839	0.073619	0.067555	0.068566	287,628,000	4,508,052,149
5/14/18	0.076108	0.076108	0.070672	0.072812	463,712,000	4,787,264,655
5/13/18	0.069153	0.077011	0.067982	0.075613	601,064,000	4,971,405,391
5/12/18	0.066182	0.071636	0.060636	0.068731	615,174,016	4,518,920,312
5/11/18	0.073601	0.077209	0.063906	0.065933	836,388,992	4,334,983,395
5/10/18	0.081007	0.081609	0.073156	0.073574	352,612,992	4,837,338,417
5/9/18	0.082979	0.082979	0.078888	0.081006	357,911,008	5,326,004,682
5/8/18	0.083405	0.086035	0.08076	0.083071	372,063,008	5,461,761,382
5/7/18	0.084966	0.084966	0.079717	0.083086	412,406,016	5,462,760,754
5/6/18	0.087098	0.087098	0.081907	0.084778	388,707,008	5,573,993,409
5/5/18	0.086212	0.090875	0.086187	0.087102	476,743,008	5,726,805,170
5/4/18	0.087085	0.088867	0.081083	0.08681	727,056,000	5,707,626,446
5/3/18	0.091322	0.091438	0.084533	0.08734	789,150,976	5,742,466,370
5/2/18	0.092764	0.093038	0.090173	0.091397	401,505,984	6,009,173,585
5/1/18	0.093745	0.094279	0.086773	0.09336	1,043,369,984	6,138,270,002
4/30/18	0.089656	0.101197	0.086102	0.093777	1,749,639,936	6,165,640,941
4/29/18	0.081696	0.090331	0.080684	0.089145	1,161,459,968	5,861,128,562
4/28/18	0.073807	0.084223	0.073807	0.081662	718,297,984	5,369,128,868
4/27/18	0.074894	0.079154	0.07184	0.074037	717,529,984	4,867,786,367
4/26/18	0.069983	0.074566	0.06675	0.074566	759,337,024	4,902,567,118
4/25/18	0.071681	0.081392	0.066467	0.070015	2,124,440,064	4,603,327,738
4/24/18	0.058349	0.077469	0.057221	0.07336	1,561,020,032	4,823,281,470
4/23/18	0.05243	0.058546	0.052384	0.058546	472,464,000	3,849,256,070
4/22/18	0.053407	0.05451	0.051837	0.05242	319,432,000	3,446,516,012
4/21/18	0.053659	0.056619	0.049721	0.053677	715,849,024	3,529,141,664
4/20/18	0.049134	0.053673	0.048199	0.053673	477,675,008	3,528,911,546
4/19/18	0.047429	0.051807	0.04691	0.049392	587,153,984	3,247,437,305
4/18/18	0.042006	0.047521	0.041996	0.047521	475,425,984	3,124,429,163
4/17/18	0.041275	0.0434	0.0407	0.042116	359,111,008	2,769,047,470
4/16/18	0.042898	0.043903	0.040221	0.041256	296,337,984	2,712,510,669
4/15/18	0.040062	0.043279	0.040013	0.042971	306,262,016	2,825,262,106
4/14/18	0.038685	0.041515	0.038567	0.040011	307,575,008	2,630,621,396
4/13/18	0.039414	0.043226	0.038224	0.039006	484,566,016	2,564,551,118
4/12/18	0.036143	0.03987	0.035239	0.039564	415,956,992	2,601,278,014
4/11/18	0.036851	0.037493	0.036001	0.036271	301,439,008	2,384,749,757
4/10/18	0.035792	0.037169	0.035008	0.036928	303,561,984	2,427,919,968
4/9/18	0.037645	0.037986	0.034338	0.035756	295,115,008	2,350,902,630
4/8/18	0.036977	0.038684	0.036735	0.037632	215,712,992	2,474,232,937
4/7/18	0.036879	0.03815	0.036262	0.037064	245,334,000	2,436,861,711
4/6/18	0.039294	0.044105	0.035852	0.036918	661,966,976	2,427,308,510
4/5/18	0.030096	0.050131	0.029025	0.040014	1,488,739,968	2,630,818,640
4/4/18	0.034684	0.035158	0.029716	0.030136	157,468,992	1,981,407,253
4/3/18	0.035691	0.035827	0.033471	0.034801	240,608,000	2,288,089,697
4/2/18	0.032271	0.035755	0.031021	0.035755	241,103,008	2,350,826,622
4/1/18	0.033955	0.034842	0.028607	0.032152	219,372,992	2,113,909,585
3/31/18	0.041283	0.042971	0.033591	0.033972	358,492,000	2,233,597,595
3/30/18	0.042631	0.045609	0.039127	0.041277	349,432,992	2,713,914,440
3/29/18	0.048966	0.05061	0.043002	0.043002	483,100,992	2,827,323,497
3/28/18	0.042854	0.049505	0.0426	0.048817	280,836,000	3,209,649,237
3/27/18	0.044373	0.046132	0.040471	0.043075	274,910,016	2,832,109,966
3/26/18	0.045341	0.046448	0.03946	0.044378	327,374,016	2,917,786,435
3/25/18	0.049418	0.049612	0.044861	0.045311	320,430,016	2,979,109,774
3/24/18	0.041717	0.052989	0.041091	0.04978	706,931,008	3,272,918,722
3/23/18	0.037853	0.041137	0.03508	0.041137	230,134,000	2,704,703,118
3/22/18	0.037159	0.039077	0.034522	0.037924	227,472,000	2,493,460,751
3/21/18	0.038085	0.040039	0.036349	0.037106	232,926,000	2,439,685,304
3/20/18	0.032728	0.040354	0.031429	0.038112	250,396,992	2,505,827,986
3/19/18	0.02897	0.032995	0.028221	0.032364	183,591,008	2,127,867,926
3/18/18	0.028285	0.029387	0.023117	0.028621	127,381,000	1,881,779,017
3/17/18	0.030164	0.030309	0.028002	0.028358	116,472,000	1,864,493,817
3/16/18	0.030049	0.031245	0.028954	0.030119	149,356,000	1,980,250,085
3/15/18	0.031047	0.03119	0.028357	0.030119	169,547,008	1,980,263,234
3/14/18	0.035701	0.036323	0.030237	0.031056	197,406,000	2,041,908,740
3/13/18	0.035968	0.037122	0.034525	0.035726	200,526,000	2,348,946,224
3/12/18	0.038561	0.039508	0.034644	0.036132	228,564,992	2,375,607,116
3/11/18	0.034751	0.039321	0.033492	0.038716	266,342,000	2,545,487,295
3/10/18	0.036941	0.038182	0.034484	0.034928	253,447,008	2,296,433,142
3/9/18	0.036363	0.037402	0.030829	0.036981	295,228,992	2,431,407,607
3/8/18	0.038488	0.039594	0.035278	0.036425	236,262,000	2,394,884,486
3/7/18	0.043944	0.044899	0.034816	0.038601	290,193,984	2,537,959,127
3/6/18	0.046744	0.047626	0.043567	0.043958	262,251,008	2,890,172,194
3/5/18	0.047755	0.047905	0.04639	0.046776	284,713,984	3,075,457,176
3/4/18	0.048789	0.049675	0.047162	0.047801	314,648,992	3,142,829,349
3/3/18	0.052525	0.052737	0.047751	0.048918	399,204,992	3,216,263,505
3/2/18	0.0487	0.056474	0.047594	0.052947	824,566,016	3,481,136,673
3/1/18	0.043514	0.049225	0.042367	0.048847	318,231,008	3,211,588,808
2/28/18	0.042736	0.046405	0.040685	0.04335	298,758,016	2,850,217,018
2/27/18	0.041792	0.043099	0.041187	0.042731	219,795,008	2,809,499,162
2/26/18	0.039899	0.042894	0.039	0.041769	189,976,000	2,746,209,952
2/25/18	0.040821	0.041603	0.039108	0.039883	182,260,000	2,622,254,885
2/24/18	0.042856	0.045608	0.039374	0.040929	194,792,992	2,691,020,919
2/23/18	0.040275	0.043552	0.039139	0.042875	159,880,992	2,818,947,178
2/22/18	0.044461	0.046146	0.039591	0.040674	162,732,992	2,674,268,280
2/21/18	0.046909	0.048235	0.042935	0.04458	179,052,992	2,931,054,421
2/20/18	0.051537	0.052074	0.04656	0.046861	198,212,992	3,081,026,048
2/19/18	0.049555	0.0527	0.049364	0.051542	178,480,992	3,388,793,337
2/18/18	0.054935	0.055311	0.048708	0.049606	195,043,008	3,261,491,686
2/17/18	0.052155	0.054914	0.050969	0.054914	231,988,000	3,610,476,517
2/16/18	0.046489	0.053082	0.046379	0.052449	310,512,992	3,448,400,648
2/15/18	0.045922	0.048457	0.045087	0.046496	178,912,992	3,057,027,957
2/14/18	0.043295	0.046749	0.043022	0.045936	186,660,000	3,020,195,820
2/13/18	0.046103	0.046483	0.042498	0.043356	178,960,992	2,850,565,483
2/12/18	0.042603	0.047493	0.042603	0.046116	219,120,000	3,032,063,369
2/11/18	0.048564	0.048564	0.040066	0.042401	273,583,008	2,787,782,534
2/10/18	0.047424	0.055941	0.044781	0.048699	470,408,992	3,201,890,950
2/9/18	0.036785	0.047968	0.034951	0.047968	176,363,008	3,153,776,423
2/8/18	0.032668	0.038047	0.032668	0.036725	193,436,992	2,414,615,518
2/7/18	0.036235	0.038957	0.031905	0.032746	204,200,000	2,152,977,161
2/6/18	0.030367	0.036971	0.025109	0.036478	271,110,016	2,398,336,266
2/5/18	0.03779	0.038903	0.028055	0.030161	167,296,992	1,983,018,084
2/4/18	0.044525	0.04602	0.036049	0.037933	169,960,992	2,494,026,185
2/3/18	0.041035	0.047338	0.03508	0.044472	241,928,992	2,923,960,191
2/2/18	0.046042	0.046042	0.031091	0.040799	363,928,992	2,682,467,080
2/1/18	0.054753	0.058563	0.043161	0.046227	288,656,000	3,039,367,993
1/31/18	0.053958	0.054454	0.049636	0.054454	251,080,992	3,580,252,073
1/30/18	0.064065	0.06412	0.051581	0.053761	267,126,000	3,534,708,300
1/29/18	0.065431	0.066769	0.063113	0.064001	256,876,000	4,207,943,492
1/28/18	0.068916	0.070875	0.065049	0.065495	276,320,992	4,306,171,291
1/27/18	0.066495	0.069426	0.064973	0.068422	282,556,992	4,498,616,251
1/26/18	0.0686	0.071055	0.06036	0.06663	381,401,984	4,380,802,065
1/25/18	0.071252	0.073681	0.067022	0.068766	362,497,984	4,521,220,479
1/24/18	0.068596	0.07432	0.066939	0.070421	505,468,992	4,630,040,313
1/23/18	0.07121	0.074035	0.062891	0.068572	409,592,000	4,508,465,330
1/22/18	0.071947	0.082809	0.063831	0.071412	623,766,976	4,695,190,197
1/21/18	0.084868	0.085698	0.068421	0.071186	561,259,008	4,680,357,404
1/20/18	0.081158	0.088724	0.080608	0.085201	626,438,976	5,601,831,472
1/19/18	0.082409	0.088133	0.072995	0.080499	706,521,984	5,292,676,896
1/18/18	0.076432	0.110867	0.07354	0.083179	1,392,329,984	5,468,875,477
1/17/18	0.053796	0.08431	0.044651	0.075623	1,326,569,984	4,972,068,985
1/16/18	0.076045	0.076371	0.04055	0.054488	695,308,992	3,582,480,937
1/15/18	0.08489	0.097897	0.067721	0.075694	1,013,430,016	4,976,737,106
1/14/18	0.102634	0.103169	0.084271	0.084782	714,278,976	5,574,289,554
1/13/18	0.108694	0.119219	0.100102	0.103035	819,091,008	6,774,365,012
1/12/18	0.109802	0.112919	0.104891	0.108858	679,499,008	7,157,216,737
1/11/18	0.130827	0.130827	0.097425	0.10908	1,074,579,968	7,171,812,835
1/10/18	0.12702	0.136777	0.097435	0.129553	1,729,920,000	8,517,875,580
1/9/18	0.154165	0.156468	0.105963	0.124782	1,262,109,952	8,204,190,953
1/8/18	0.205195	0.205195	0.131582	0.151993	1,532,320,000	9,993,265,019
1/7/18	0.173678	0.199655	0.145697	0.199655	1,750,349,952	13,126,955,369
1/6/18	0.224499	0.232172	0.143149	0.174797	2,437,349,888	11,492,586,800
1/5/18	0.209579	0.300363	0.176712	0.220555	3,864,399,872	14,501,092,591
1/4/18	0.09492	0.217114	0.09492	0.207974	4,089,410,048	13,673,914,582
1/3/18	0.078648	0.094703	0.068306	0.094703	1,136,850,048	6,226,537,922
1/2/18	0.05207	0.086989	0.05207	0.078682	1,604,039,936	5,173,179,556
1/1/18	0.044682	0.052813	0.0434	0.051695	516,798,016	3,398,826,511
12/31/17	0.036129	0.045258	0.034681	0.044752	375,152,000	2,942,336,810
12/30/17	0.036357	0.038796	0.031117	0.036413	256,698,000	2,394,062,633
12/29/17	0.042007	0.043162	0.034757	0.036348	246,896,992	2,389,841,599
12/28/17	0.036722	0.041974	0.032258	0.041974	261,940,992	2,759,681,757
12/27/17	0.03783	0.041325	0.035362	0.036831	173,156,000	2,421,571,677
12/26/17	0.035748	0.045473	0.032838	0.037832	263,744,992	2,487,352,744
12/25/17	0.036706	0.041792	0.033296	0.035177	189,610,000	2,312,850,466
12/24/17	0.051473	0.051742	0.033265	0.036209	230,931,008	2,380,650,002
12/23/17	0.0403	0.057063	0.035975	0.051791	503,996,992	3,405,171,211
12/22/17	0.045662	0.04637	0.022616	0.039074	494,380,000	2,569,044,873
12/21/17	0.049966	0.070908	0.039734	0.045969	460,308,000	3,022,385,235
12/20/17	0.046852	0.048883	0.036669	0.048883	317,193,984	3,213,968,893
12/19/17	0.044442	0.053959	0.040145	0.046848	235,095,008	3,080,158,171
12/18/17	0.036372	0.046912	0.032634	0.044589	369,401,984	2,931,626,430
12/17/17	0.03767	0.041387	0.034599	0.03619	338,444,992	2,379,440,235
12/16/17	0.018405	0.037327	0.018405	0.036271	336,496,000	2,384,726,390
12/15/17	0.01742	0.018434	0.01458	0.018434	139,710,000	1,211,975,881
12/14/17	0.016445	0.020064	0.015114	0.01769	192,816,992	1,163,085,525
12/13/17	0.007614	0.018094	0.006823	0.01646	174,319,008	1,082,215,248
12/12/17	0.005177	0.007675	0.004903	0.007613	48,699,100	500,556,769
12/11/17	0.004436	0.005282	0.004383	0.005282	20,137,200	347,251,051
12/10/17	0.004452	0.00463	0.003489	0.004408	18,145,200	289,800,280
12/9/17	0.004441	0.004789	0.004305	0.004473	17,520,500	294,110,074
12/8/17	0.004311	0.004731	0.003682	0.004394	21,605,600	288,925,829
12/7/17	0.003134	0.005808	0.002974	0.004275	44,215,300	281,044,594
12/6/17	0.002068	0.004077	0.002068	0.003055	33,314,700	200,849,551
12/5/17	0.002139	0.002184	0.002058	0.002085	8,749,920	137,083,666
12/4/17	0.002124	0.002169	0.002049	0.002144	10,447,300	140,959,522
12/3/17	0.00208	0.002204	0.002034	0.002116	7,261,200	139,121,860
12/2/17	0.00211	0.002212	0.002032	0.002073	5,760,180	136,282,196
12/1/17	0.002241	0.002247	0.002057	0.002118	6,294,070	139,260,589
11/30/17	0.00209	0.0023	0.002031	0.002244	4,155,450	147,526,452
11/29/17	0.00231	0.00261	0.001935	0.002068	7,852,660	135,985,014
11/28/17	0.002062	0.00239	0.001991	0.002308	6,065,010	151,748,143
11/27/17	0.002151	0.002225	0.002009	0.002062	6,405,580	135,546,474
11/26/17	0.00205	0.00219	0.001971	0.002138	6,245,890	140,471,933
11/25/17	0.002027	0.002109	0.001993	0.002048	4,704,770	134,371,881
11/24/17	0.002106	0.002163	0.001969	0.002025	4,204,470	132,859,497
11/23/17	0.002311	0.002429	0.002043	0.002105	4,402,340	138,114,458
11/22/17	0.002146	0.00254	0.002122	0.002302	4,119,730	151,069,127
11/21/17	0.002148	0.002199	0.002005	0.002143	3,417,520	140,637,285
11/20/17	0.001993	0.002185	0.001993	0.002134	3,909,200	140,003,462
11/19/17	0.00202	0.002113	0.001951	0.002002	4,289,470	131,331,366
11/18/17	0.00198	0.002043	0.001906	0.002028	5,709,820	133,063,554
11/17/17	0.002187	0.002189	0.001949	0.001984	5,720,510	130,179,198
11/16/17	0.002323	0.002338	0.001823	0.002209	5,082,450	144,951,353
11/15/17	0.002444	0.0025	0.002188	0.002322	5,008,060	152,374,829
11/14/17	0.002111	0.002566	0.002063	0.002485	4,040,400	163,054,688
11/13/17	0.001795	0.002146	0.001771	0.002112	2,889,150	138,562,596
11/12/17	0.002006	0.002006	0.001684	0.001783	2,174,370	116,811,866
11/11/17	0.002026	0.002298	0.00189	0.002003	1,748,460	131,269,352
11/10/17	0.002335	0.00235	0.001989	0.002013	2,193,620	131,882,040
11/9/17	0.002304	0.002438	0.002285	0.002344	2,924,350	153,598,083
11/8/17	0.002173	0.002357	0.002173	0.002338	2,839,470	153,207,535
11/7/17	0.002145	0.002263	0.002099	0.002184	1,497,470	143,082,119
11/6/17	0.002213	0.002289	0.002074	0.002125	1,719,120	139,271,654
11/5/17	0.002126	0.002299	0.00212	0.002219	1,762,660	145,381,503
11/4/17	0.002228	0.002325	0.002123	0.002128	1,696,040	139,440,717
11/3/17	0.002304	0.002373	0.002115	0.002227	1,588,360	145,953,564
11/2/17	0.002524	0.002624	0.002141	0.002312	1,429,590	151,486,765
11/1/17	0.002782	0.002797	0.002442	0.00251	1,398,750	164,505,906
10/31/17	0.00276	0.003246	0.002696	0.002814	1,805,800	184,364,225
10/30/17	0.002951	0.003177	0.002432	0.002784	1,347,640	182,150,779
10/29/17	0.002988	0.003186	0.002932	0.002956	1,605,430	193,429,291
10/28/17	0.003059	0.003109	0.002809	0.002999	1,031,720	196,233,543
10/27/17	0.00284	0.003214	0.002782	0.003051	1,589,480	199,632,538
10/26/17	0.003029	0.003048	0.002588	0.002841	794,428	185,865,138
10/25/17	0.002656	0.003287	0.002635	0.003033	715,742	198,414,919
10/24/17	0.002425	0.002722	0.002365	0.002632	297,411	172,231,865
10/23/17	0.002575	0.002624	0.002293	0.002428	221,618	158,844,708
10/22/17	0.002306	0.002606	0.002306	0.002583	244,796	168,994,130
10/21/17	0.001953	0.002332	0.001862	0.002298	243,113	150,374,752
10/20/17	0.001916	0.002126	0.001901	0.001942	211,546	127,068,308
10/19/17	0.002094	0.002137	0.001887	0.001915	325,575	125,279,422
10/18/17	0.001943	0.002106	0.00183	0.002095	189,768	136,990,754
10/17/17	0.002156	0.002243	0.001907	0.001944	116,008	127,108,261
10/16/17	0.002287	0.002337	0.002008	0.002156	152,645	141,019,740
10/15/17	0.002378	0.00246	0.002078	0.002286	116,033	149,467,466
10/14/17	0.002114	0.002498	0.002087	0.002394	121,404	156,540,589
10/13/17	0.002345	0.00251	0.002022	0.002113	184,709	138,163,286
10/12/17	0.002471	0.002548	0.002197	0.002345	136,756	153,334,272
10/11/17	0.002289	0.002553	0.002258	0.00247	289,055	161,521,072
10/10/17	0.002186	0.002285	0.001963	0.002225	215,705	145,534,611
10/9/17	0.002567	0.002719	0.001943	0.002181	350,960	142,021,024
10/8/17	0.002565	0.002854	0.002326	0.00253	239,490	164,739,648
10/7/17	0.002995	0.004173	0.00224	0.002459	352,974	160,132,110
10/6/17	0.003321	0.003354	0.002815	0.002996	478,330	119,821,600
10/5/17	0.003269	0.003488	0.002942	0.00332	704,167	132,808,800
10/4/17	0.002469	0.003521	0.0024	0.00325	1,072,200	130,009,600
10/3/17	0.002748	0.003186	0.002128	0.002447	822,107	97,860,400
10/2/17	0.001848	0.003177	0.001768	0.002803	887,622	112,120,400
10/1/17	0.002261	0.002269	0.001806	0.001848	72,807	18,600,627
9/30/17	0.001983	0.002621	0.001763	0.002261	53,734	22,757,253
9/29/17	0.002901	0.002973	0.001487	0.001983	58,162	19,961,572
9/28/17	0.002563	0.003474	0.001816	0.002906	69,532	29,255,845
9/27/17	0.001736	0.003495	0.001659	0.002561	35,671	-
9/26/17	0.001777	0.002104	0.001619	0.001738	61,508	-
9/25/17	0.002251	0.005656	0.001465	0.001777	106,284	-
9/24/17	0.002346	0.002427	0.002086	0.002246	50,023	-
9/23/17	0.001934	0.002346	0.001924	0.002346	42,314	-
9/22/17	0.002079	0.002172	0.001852	0.001951	38,829	-
9/21/17	0.002638	0.003173	0.001935	0.002079	99,853	-
9/20/17	0.002306	0.003199	0.002039	0.002647	83,399	-
9/19/17	0.003273	0.023238	0.001746	0.002291	158,416	-
9/18/17	0.003324	0.003438	0.002534	0.003263	159,158	-
9/17/17	0.001836	0.003879	0.001781	0.00332	124,998	-
9/16/17	0.001815	0.017671	0.001371	0.001831	54,535	-
9/15/17	0.001419	0.001831	0.001091	0.001801	26,475	-
9/14/17	0.002006	0.002479	0.001298	0.001427	58,770	-
9/13/17	0.002051	0.002447	0.001711	0.001988	48,512	-
