Date	Open*	High	Low	Close**	Volume	Market Cap
4/8/19	0.002908	0.003057	0.002834	0.002904	6,824	1,073,505
4/7/19	0.002776	0.002981	0.002735	0.002908	6,177	1,075,001
4/6/19	0.002767	0.002905	0.002718	0.002779	1,962	1,027,184
4/5/19	0.002703	0.002849	0.002703	0.002767	1,190	1,022,795
4/4/19	0.002777	0.002881	0.002661	0.002703	3,965	999,158
4/3/19	0.002664	0.002945	0.00263	0.002775	4,085	1,025,941
4/2/19	0.002282	0.002685	0.002256	0.002663	7,303	984,342
4/1/19	0.002227	0.00231	0.002221	0.002281	890	843,067
3/31/19	0.002336	0.002343	0.002177	0.002227	3,386	823,408
3/30/19	0.002294	0.002529	0.00224	0.002336	964	863,690
3/29/19	0.002231	0.002415	0.00216	0.002297	6,663	849,098
3/28/19	0.002176	0.002324	0.002153	0.002231	5,155	824,875
3/27/19	0.002116	0.002213	0.002029	0.002176	2,390	804,426
3/26/19	0.002251	0.002262	0.002038	0.002116	3,628	782,028
3/25/19	0.002334	0.002376	0.002184	0.002259	5,197	834,973
3/24/19	0.002458	0.00248	0.002271	0.00233	5,041	861,179
3/23/19	0.002434	0.00252	0.002369	0.002459	2,609	909,122
3/22/19	0.002455	0.002495	0.002328	0.002473	3,413	914,084
3/21/19	0.002323	0.00252	0.002277	0.002457	5,515	908,277
3/20/19	0.002242	0.002417	0.00218	0.002319	4,583	857,278
3/19/19	0.002177	0.002244	0.00214	0.002243	2,000	829,047
3/18/19	0.002256	0.002329	0.002132	0.002176	3,669	804,296
3/17/19	0.002388	0.0024	0.002223	0.002223	2,218	821,651
3/16/19	0.002403	0.002484	0.002378	0.002389	2,349	882,978
3/15/19	0.002358	0.002425	0.002282	0.0024	15,074	887,176
3/14/19	0.002235	0.002377	0.002204	0.002358	20,618	871,534
3/13/19	0.002543	0.002567	0.00218	0.002223	57,191	821,698
3/12/19	0.002489	0.002555	0.002442	0.00254	21,659	938,767
3/11/19	0.00251	0.002543	0.002433	0.002503	40,552	925,400
3/10/19	0.00258	0.002585	0.002445	0.00251	34,958	927,674
3/9/19	0.002466	0.002627	0.002456	0.002564	24,188	947,877
3/8/19	0.002449	0.002563	0.002429	0.00246	59,327	909,242
3/7/19	0.00253	0.002701	0.002447	0.002447	74,892	904,461
3/6/19	0.002632	0.002717	0.002475	0.002525	58,412	933,534
3/5/19	0.002585	0.00267	0.002501	0.002627	81,763	971,261
3/4/19	0.002519	0.002677	0.002502	0.002582	41,636	954,593
3/3/19	0.0025	0.002541	0.002462	0.002515	23,369	929,599
3/2/19	0.002556	0.002565	0.002452	0.002487	21,067	919,301
3/1/19	0.002575	0.002611	0.002485	0.002533	34,780	936,913
2/28/19	0.00243	0.002629	0.002397	0.002566	19,057	949,320
2/27/19	0.002392	0.002504	0.00238	0.002396	2,287	886,392
2/26/19	0.002511	0.002597	0.002342	0.00239	4,209	884,084
2/25/19	0.002512	0.002671	0.002246	0.002517	9,388	930,276
2/24/19	0.003185	0.003329	0.0025	0.002548	12,398	941,829
2/23/19	0.002824	0.003235	0.002753	0.003184	7,046	1,176,693
2/22/19	0.00292	0.002929	0.002672	0.002793	3,184	1,032,210
2/21/19	0.00304	0.00338	0.002656	0.002924	9,588	1,080,573
2/20/19	0.002563	0.003174	0.002474	0.003041	12,437	1,123,610
2/19/19	0.002157	0.002665	0.002157	0.002565	15,219	947,780
2/18/19	0.002419	0.002608	0.002121	0.002154	11,252	795,907
2/17/19	0.002181	0.002622	0.002178	0.002418	9,207	893,370
2/16/19	0.0026	0.002854	0.001935	0.00218	27,988	805,171
2/15/19	0.002788	0.002977	0.002037	0.002598	37,353	959,859
2/14/19	0.002907	0.002925	0.002721	0.002784	5,850	1,028,291
2/13/19	0.002917	0.003037	0.002883	0.002942	1,289	1,086,294
2/12/19	0.002879	0.00304	0.002791	0.002985	8,706	1,102,287
2/11/19	0.002922	0.002922	0.002789	0.002875	2,253	1,061,480
2/10/19	0.002831	0.002921	0.002771	0.002921	2,911	1,078,021
2/9/19	0.002861	0.002958	0.002809	0.002829	4,811	1,044,008
2/8/19	0.002617	0.002956	0.002606	0.002861	10,326	1,054,462
2/7/19	0.002724	0.002796	0.002596	0.002617	7,041	964,390
2/6/19	0.002792	0.002951	0.002494	0.002723	12,917	1,003,179
2/5/19	0.002897	0.002938	0.002689	0.002759	7,634	1,016,290
2/4/19	0.002708	0.002906	0.002658	0.002906	5,450	1,070,746
2/3/19	0.00299	0.002992	0.002393	0.002696	22,152	993,117
2/2/19	0.003341	0.003692	0.002365	0.002989	57,864	1,101,290
2/1/19	0.003386	0.00355	0.00322	0.003379	31,643	1,245,761
1/31/19	0.003393	0.004021	0.003361	0.003383	29,602	1,248,012
1/30/19	0.003314	0.0035	0.003202	0.003394	32,024	1,251,685
1/29/19	0.003333	0.003928	0.003074	0.003319	13,348	1,223,622
1/28/19	0.0039	0.0039	0.003218	0.00333	11,015	1,227,568
1/27/19	0.004343	0.004352	0.003556	0.0039	6,657	1,438,326
1/26/19	0.004231	0.004524	0.004223	0.004342	2,323	1,601,190
1/25/19	0.004337	0.00459	0.004129	0.004231	4,898	1,559,720
1/24/19	0.004376	0.004815	0.004157	0.004325	25,569	1,515,320
1/23/19	0.004892	0.005007	0.002946	0.004378	10,991	1,512,282
1/22/19	0.005365	0.005406	0.002094	0.004892	22,515	1,689,606
1/21/19	0.005716	0.005739	0.005295	0.005363	8,478	1,852,095
1/20/19	0.006104	0.006116	0.005662	0.005715	7,609	1,971,419
1/19/19	0.006243	0.006312	0.005498	0.006112	7,808	2,108,268
1/18/19	0.006242	0.006762	0.00585	0.006244	22,967	2,153,045
1/17/19	0.006391	0.006473	0.006135	0.006244	9,703	2,149,344
1/16/19	0.00666	0.006723	0.006214	0.006356	13,455	2,189,351
1/15/19	0.006767	0.006898	0.006614	0.006673	6,965	2,240,131
1/14/19	0.006484	0.007296	0.006392	0.00677	20,251	2,334,924
1/13/19	0.006721	0.006952	0.006252	0.006482	18,259	2,223,611
1/12/19	0.006926	0.007201	0.006606	0.006728	16,907	2,306,843
1/11/19	0.007164	0.00723	0.006628	0.006933	9,458	2,387,384
1/10/19	0.008066	0.008285	0.007068	0.007172	4,245	2,464,932
1/9/19	0.007929	0.008481	0.007653	0.00806	29,608	2,752,694
1/8/19	0.008091	0.008175	0.007898	0.007911	9,153	2,613,995
1/7/19	0.008408	0.008422	0.008003	0.00808	12,059	2,616,134
1/6/19	0.008203	0.008606	0.008029	0.008504	5,923	2,645,197
1/5/19	0.008184	0.008359	0.008119	0.008204	8,652	2,551,483
1/4/19	0.008363	0.00854	0.00804	0.0082	5,355	2,550,275
1/3/19	0.008302	0.008813	0.00825	0.008357	13,289	2,598,909
1/2/19	0.008029	0.009103	0.007858	0.008295	27,014	2,587,068
1/1/19	0.007693	0.008059	0.007505	0.008009	13,653	2,513,197
12/31/18	0.008079	0.008079	0.007676	0.007745	20,690	2,430,117
12/30/18	0.008101	0.008332	0.007681	0.008071	11,858	2,533,009
12/29/18	0.008848	0.008898	0.008013	0.008093	14,905	2,535,021
12/28/18	0.007378	0.009585	0.007378	0.00883	45,324	2,798,361
12/27/18	0.007906	0.008008	0.007286	0.007372	10,930	2,340,167
12/26/18	0.007851	0.008019	0.007567	0.007911	20,608	2,512,471
12/25/18	0.008166	0.008166	0.007524	0.007852	6,807	2,521,043
12/24/18	0.007817	0.00878	0.007817	0.00815	44,439	2,620,306
12/23/18	0.007804	0.008217	0.007751	0.007815	10,993	2,501,488
12/22/18	0.007765	0.007975	0.007518	0.007789	15,423	2,490,707
12/21/18	0.008134	0.008435	0.007564	0.007755	9,448	2,478,944
12/20/18	0.007356	0.008535	0.007223	0.008158	21,978	2,601,676
12/19/18	0.007234	0.007671	0.007172	0.007374	14,468	2,355,679
12/18/18	0.007134	0.007282	0.006816	0.007212	11,703	2,303,111
12/17/18	0.006226	0.0094	0.005948	0.007302	64,119	2,351,263
12/16/18	0.006077	0.006369	0.005915	0.006219	7,470	2,032,946
12/15/18	0.006048	0.006373	0.005926	0.006085	8,321	1,989,720
12/14/18	0.006243	0.007187	0.006033	0.006044	14,679	1,975,978
12/13/18	0.005518	0.006574	0.005437	0.006246	29,937	2,043,418
12/12/18	0.005411	0.005836	0.005379	0.005515	5,694	1,820,031
12/11/18	0.005945	0.005945	0.00543	0.005481	9,449	1,808,190
12/10/18	0.005653	0.006516	0.005451	0.005951	11,528	1,962,985
12/9/18	0.005534	0.005711	0.00516	0.005661	5,727	1,861,043
12/8/18	0.005594	0.005808	0.005255	0.00555	3,169	1,824,002
12/7/18	0.00583	0.005859	0.005401	0.005598	3,245	1,839,482
12/6/18	0.006622	0.006663	0.00584	0.00584	15,143	1,934,618
12/5/18	0.006919	0.006983	0.006625	0.006625	4,752	2,195,515
12/4/18	0.006813	0.007367	0.006327	0.006912	9,216	2,290,276
12/3/18	0.007407	0.007792	0.006592	0.006818	8,985	2,259,795
12/2/18	0.007621	0.00785	0.007184	0.007365	9,327	2,438,841
12/1/18	0.007926	0.008146	0.00741	0.007627	4,963	2,525,261
11/30/18	0.008522	0.008757	0.006923	0.007903	26,646	2,616,226
11/29/18	0.008982	0.009294	0.008143	0.008479	11,143	2,745,996
11/28/18	0.007849	0.009224	0.007679	0.008948	16,652	2,875,116
11/27/18	0.006958	0.008273	0.006765	0.007806	24,648	2,458,466
11/26/18	0.006865	0.007611	0.006643	0.006962	16,968	2,192,476
11/25/18	0.006234	0.007172	0.005889	0.006867	11,356	2,162,163
11/24/18	0.007103	0.007418	0.006051	0.006233	15,204	1,962,473
11/23/18	0.007292	0.008179	0.007004	0.007004	16,075	2,204,933
11/22/18	0.007306	0.007681	0.007259	0.007327	5,538	2,306,294
11/21/18	0.006901	0.007665	0.006707	0.00733	9,313	2,349,137
11/20/18	0.007466	0.007703	0.006585	0.00689	25,283	2,208,020
11/19/18	0.008925	0.00898	0.007338	0.007561	34,778	2,418,057
11/18/18	0.008862	0.008983	0.008747	0.00892	33,305	2,852,223
11/17/18	0.008901	0.008953	0.008625	0.008853	29,011	2,831,666
11/16/18	0.009233	0.009263	0.008801	0.00892	29,126	2,851,917
11/15/18	0.009078	0.009523	0.008611	0.009194	34,550	2,938,560
11/14/18	0.010034	0.010238	0.008641	0.009007	45,781	2,902,680
11/13/18	0.010127	0.010341	0.009884	0.01006	39,962	2,944,098
11/12/18	0.01032	0.010832	0.010066	0.010151	41,598	2,970,611
11/11/18	0.009948	0.011028	0.009539	0.010308	39,914	3,016,468
11/10/18	0.011129	0.01137	0.009183	0.010077	49,163	2,948,810
11/9/18	0.010551	0.011143	0.010551	0.011125	48,187	3,255,674
11/8/18	0.011797	0.011871	0.010429	0.010576	54,184	3,094,984
11/7/18	0.011854	0.012465	0.011656	0.01185	57,234	3,467,723
11/6/18	0.010984	0.011867	0.010854	0.011867	59,738	3,398,571
11/5/18	0.011044	0.01127	0.010619	0.010942	46,322	3,202,091
11/4/18	0.010873	0.011738	0.010748	0.011102	49,921	3,248,943
11/3/18	0.010961	0.011051	0.010838	0.010884	52,313	3,185,206
11/2/18	0.011131	0.011228	0.010868	0.010985	60,370	3,214,558
11/1/18	0.01082	0.011246	0.01062	0.011132	45,270	3,257,693
10/31/18	0.010012	0.010903	0.009986	0.010842	41,921	3,172,856
10/30/18	0.011025	0.011178	0.009677	0.010033	44,165	1,125,683
10/29/18	0.012966	0.018543	0.010625	0.011076	46,049	1,242,612
10/28/18	0.012773	0.01362	0.011621	0.013054	45,154	1,464,590
10/27/18	0.012861	0.013291	0.012249	0.012635	36,332	1,417,569
10/26/18	0.013257	0.013332	0.011129	0.012912	32,129	1,448,636
10/25/18	0.012904	0.013628	0.011708	0.013278	31,447	1,489,766
10/24/18	0.013793	0.013868	0.01257	0.012898	11,826	1,447,076
10/23/18	0.013915	0.014446	0.012422	0.013848	10,723	1,553,706
10/22/18	0.012511	0.014628	0.008742	0.013916	48,418	1,561,346
10/21/18	0.01311	0.014837	0.009142	0.012519	38,777	1,404,577
10/20/18	0.015279	0.015342	0.012931	0.013099	37,282	1,469,683
10/19/18	0.015808	0.015846	0.013129	0.015277	38,520	1,714,010
10/18/18	0.016625	0.016638	0.011761	0.015811	178,249	1,773,888
10/17/18	0.013899	0.01667	0.011204	0.01656	178,984	1,857,955
10/16/18	0.01428	0.016533	0.011827	0.013851	172,800	1,554,031
10/15/18	0.014004	0.017463	0.011828	0.014292	177,471	1,603,475
10/14/18	0.015152	0.015511	0.013858	0.013989	164,315	1,569,514
10/13/18	0.022423	0.023133	0.013919	0.015149	164,957	1,699,581
10/12/18	0.024011	0.024078	0.021927	0.022418	245,248	2,515,136
10/11/18	0.024178	0.024847	0.022022	0.024078	243,503	2,701,469
10/10/18	0.018812	0.024396	0.016879	0.02419	254,744	2,714,023
10/9/18	0.019389	0.023596	0.008049	0.018825	244,141	2,112,009
10/8/18	0.015759	0.019508	0.006804	0.019322	182,148	2,167,804
10/7/18	0.015528	0.015786	0.015381	0.015687	184,270	1,759,976
10/6/18	0.018348	0.018349	0.015457	0.015472	202,322	1,735,832
10/5/18	0.018409	0.018486	0.017995	0.018307	204,109	2,053,948
10/4/18	0.016661	0.018624	0.015316	0.018362	186,243	2,060,063
10/3/18	0.016991	0.017014	0.016517	0.016641	175,410	1,867,021
10/2/18	0.018558	0.019012	0.01691	0.016983	248,238	1,905,380
10/1/18	0.018557	0.018717	0.018351	0.018609	183,019	2,087,809
9/30/18	0.017693	0.018623	0.015299	0.018593	190,400	2,086,081
9/29/18	0.015541	0.018333	0.015371	0.0177	252,884	1,985,813
9/28/18	0.02104	0.021123	0.01525	0.015551	261,141	1,744,740
9/27/18	0.022336	0.022478	0.019236	0.021035	193,678	2,359,959
9/26/18	0.01815	0.022724	0.017552	0.02231	194,454	2,503,075
9/25/18	0.019012	0.01902	0.01775	0.018158	23,804	2,037,243
9/24/18	0.019346	0.019456	0.018523	0.019032	12,400	2,135,278
9/23/18	0.01952	0.019944	0.018981	0.019341	67,312	2,169,980
9/22/18	0.019899	0.020247	0.019142	0.01951	83,885	2,188,963
9/21/18	0.020076	0.02062	0.019014	0.019883	59,471	2,230,734
9/20/18	0.018896	0.020483	0.018666	0.020071	55,722	2,251,826
9/19/18	0.017515	0.019907	0.016808	0.018826	60,576	2,112,177
9/18/18	0.026736	0.030776	0.017446	0.017446	61,345	1,957,304
9/17/18	0.018886	0.026975	0.018287	0.026733	169,959	2,999,335
9/16/18	0.020195	0.0222	0.015655	0.019038	270,698	2,135,985
9/15/18	0.023708	0.024438	0.019261	0.02014	92,327	2,259,635
9/14/18	0.026889	0.026948	0.023416	0.02374	28,648	2,663,525
9/13/18	0.025932	0.027185	0.023265	0.026914	55,326	3,019,597
9/12/18	0.031543	0.031543	0.025477	0.025911	81,137	2,907,021
9/11/18	0.035194	0.035427	0.03061	0.03154	120,651	3,538,655
9/10/18	0.028023	0.036405	0.024989	0.034874	289,987	3,912,633
9/9/18	0.019065	0.028823	0.018851	0.028084	154,638	3,150,910
9/8/18	0.018803	0.021887	0.018253	0.019103	63,948	2,143,300
9/7/18	0.018209	0.019268	0.016674	0.019268	49,823	2,161,723
9/6/18	0.016563	0.018307	0.015535	0.016777	122,216	1,882,234
9/5/18	0.019267	0.019267	0.016726	0.016726	27,245	1,876,524
9/4/18	0.015811	0.019683	0.014973	0.019255	161,148	2,160,264
9/3/18	0.015371	0.016739	0.015328	0.01581	31,768	1,773,787
9/2/18	0.014792	0.015723	0.014649	0.015372	17,837	1,724,691
9/1/18	0.014327	0.015891	0.013926	0.014659	30,321	1,644,606
8/31/18	0.013525	0.014518	0.013316	0.014344	14,741	1,609,276
8/30/18	0.014171	0.015043	0.01338	0.013513	30,756	1,516,098
8/29/18	0.013907	0.016261	0.013204	0.013732	86,533	1,540,646
8/28/18	0.014255	0.014521	0.013498	0.013896	24,882	1,559,046
8/27/18	0.015518	0.01553	0.013392	0.014327	48,842	1,607,413
8/26/18	0.016575	0.017299	0.014074	0.015525	61,294	1,741,778
8/25/18	0.017454	0.019385	0.014843	0.016543	58,861	1,856,048
8/24/18	0.014121	0.017941	0.013226	0.017484	82,566	1,961,657
8/23/18	0.014447	0.014607	0.013692	0.01411	18,526	1,583,101
8/22/18	0.014879	0.015765	0.014271	0.01444	9,215	1,620,069
8/21/18	0.015256	0.015608	0.014547	0.014877	11,860	1,669,109
8/20/18	0.016016	0.01644	0.015271	0.015288	18,366	1,715,176
8/19/18	0.015526	0.016484	0.015479	0.016041	20,230	1,799,715
8/18/18	0.01503	0.015905	0.014371	0.01552	26,223	1,741,284
8/17/18	0.014501	0.015169	0.014197	0.015009	16,331	1,683,897
8/16/18	0.014393	0.015663	0.013978	0.014494	22,627	1,626,128
8/15/18	0.014078	0.0179	0.013741	0.014404	25,859	1,616,075
8/14/18	0.014671	0.014671	0.012313	0.014068	35,682	1,578,344
8/13/18	0.015328	0.016459	0.01442	0.014681	12,398	1,647,074
8/12/18	0.01477	0.015629	0.014137	0.015204	8,798	1,705,797
8/11/18	0.016062	0.016094	0.014431	0.014816	11,175	1,662,232
8/10/18	0.017316	0.020785	0.015751	0.015995	6,754	1,794,521
8/9/18	0.017007	0.018417	0.016418	0.017333	16,550	1,944,704
8/8/18	0.018094	0.0191	0.016672	0.016981	24,185	1,905,178
8/7/18	0.019372	0.021124	0.017841	0.018075	34,811	2,027,953
8/6/18	0.019364	0.020089	0.018634	0.01929	8,647	2,164,281
8/5/18	0.019571	0.01986	0.01888	0.019343	15,123	2,170,137
8/4/18	0.020445	0.0215	0.018975	0.019563	26,389	2,194,876
8/3/18	0.019707	0.022771	0.01919	0.020419	27,934	2,290,892
8/2/18	0.021349	0.023563	0.019746	0.019781	89,328	2,219,335
8/1/18	0.02088	0.02185	0.019394	0.021339	33,110	2,394,111
7/31/18	0.022505	0.024116	0.020551	0.020873	18,636	2,341,840
7/30/18	0.021686	0.025305	0.021413	0.022546	8,830	2,529,486
7/29/18	0.022216	0.024557	0.021285	0.021676	13,204	2,431,887
7/28/18	0.021623	0.026271	0.021461	0.022136	29,305	2,483,542
7/27/18	0.019237	0.02201	0.018949	0.021579	48,166	2,421,072
7/26/18	0.019991	0.022502	0.017886	0.019247	31,001	2,159,456
7/25/18	0.020511	0.03517	0.018143	0.02	53,139	2,243,838
7/24/18	0.022298	0.040385	0.019701	0.020892	223,354	2,343,960
7/23/18	0.017435	0.022375	0.017272	0.022268	73,983	2,498,307
7/22/18	0.015671	0.018474	0.015671	0.017453	8,759	1,958,100
7/21/18	0.020519	0.020587	0.014863	0.015675	35,222	1,758,652
7/20/18	0.022471	0.022471	0.019832	0.019871	26,993	2,229,387
7/19/18	0.022808	0.026554	0.021243	0.022518	20,905	2,526,389
7/18/18	0.022616	0.023991	0.021724	0.022818	14,987	2,560,025
7/17/18	0.021743	0.060517	0.020861	0.022622	11,516	2,538,057
7/16/18	0.022055	0.022252	0.019403	0.02179	9,090	2,444,689
7/15/18	0.022611	0.023146	0.02199	0.022032	9,146	2,471,851
7/14/18	0.022352	0.024297	0.021934	0.022617	9,789	2,537,474
7/13/18	0.02505	0.025566	0.022183	0.022406	11,193	2,513,801
7/12/18	0.025728	0.025728	0.022106	0.025023	8,049	2,807,504
7/11/18	0.027343	0.028039	0.025187	0.025734	11,508	2,887,218
7/10/18	0.028608	0.029205	0.027332	0.027342	10,605	3,067,605
7/9/18	0.029214	0.029316	0.028356	0.028628	3,368	3,211,899
7/8/18	0.029182	0.029691	0.028697	0.029092	2,268	3,263,923
7/7/18	0.028408	0.029362	0.027943	0.029212	4,540	3,277,409
7/6/18	0.030444	0.031254	0.028243	0.028453	14,134	3,192,332
7/5/18	0.029906	0.031335	0.02714	0.030382	40,558	3,408,699
7/4/18	0.025822	0.031619	0.023225	0.029051	38,866	3,259,346
7/3/18	0.026662	0.029088	0.025785	0.025831	11,899	2,898,090
7/2/18	0.026191	0.029986	0.025387	0.026782	14,753	3,004,787
7/1/18	0.030639	0.031014	0.025997	0.026187	13,773	2,938,054
6/30/18	0.030021	0.033712	0.02987	0.030631	13,386	3,436,625
6/29/18	0.03468	0.034859	0.028587	0.029984	11,721	3,364,035
6/28/18	0.033188	0.035651	0.031773	0.034659	17,061	3,888,556
6/27/18	0.034591	0.035074	0.031831	0.033172	23,866	3,721,734
6/26/18	0.036602	0.037447	0.034577	0.034607	13,491	3,882,688
6/25/18	0.038004	0.039307	0.03644	0.036602	28,430	4,106,528
6/24/18	0.036555	0.039455	0.035689	0.038069	13,534	4,271,140
6/23/18	0.037334	0.037802	0.03621	0.036561	7,395	4,101,917
6/22/18	0.049203	0.050599	0.035974	0.037353	44,599	4,190,820
6/21/18	0.045387	0.051566	0.041779	0.049244	138,012	5,524,961
6/20/18	0.033655	0.060481	0.030014	0.045391	148,490	5,092,630
6/19/18	0.039187	0.039424	0.032435	0.033635	32,892	3,773,691
6/18/18	0.032132	0.042062	0.030138	0.039207	44,896	4,398,784
6/17/18	0.033341	0.034755	0.030287	0.032237	19,842	3,616,843
6/16/18	0.031401	0.043722	0.030642	0.033265	21,051	3,732,179
6/15/18	0.036818	0.040583	0.030414	0.031512	30,848	3,535,457
6/14/18	0.036058	0.038228	0.034698	0.036875	25,662	4,137,157
6/13/18	0.03571	0.03689	0.032049	0.036072	21,584	4,047,065
6/12/18	0.03069	0.036943	0.029458	0.03562	34,972	3,996,319
6/11/18	0.021905	0.032635	0.02174	0.029623	57,221	3,323,566
6/10/18	0.024788	0.024788	0.021492	0.021875	2,597	2,454,282
6/9/18	0.024311	0.02667	0.024002	0.024763	14,665	2,778,255
6/8/18	0.024435	0.02546	0.022203	0.024317	5,017	2,728,216
6/7/18	0.023809	0.026689	0.023178	0.024417	16,338	2,739,436
6/6/18	0.024348	0.024954	0.022287	0.023788	5,906	2,668,888
6/5/18	0.024084	0.024951	0.02345	0.02436	7,776	2,733,018
6/4/18	0.025473	0.025473	0.023255	0.024074	26,110	2,700,998
6/3/18	0.020444	0.025261	0.020444	0.025261	26,040	2,834,117
6/2/18	0.017052	0.02057	0.01677	0.020146	14,333	2,260,252
6/1/18	0.019528	0.019614	0.016779	0.017058	4,310	1,913,817
5/31/18	0.020353	0.02329	0.019493	0.019522	5,064	2,190,276
5/30/18	0.015545	0.024533	0.01527	0.019894	50,544	2,232,001
5/29/18	0.01331	0.01556	0.012853	0.015534	22,334	1,742,866
5/28/18	0.012251	0.013586	0.012234	0.013315	10,102	1,493,917
5/27/18	0.012407	0.012762	0.012132	0.012249	4,320	1,374,318
5/26/18	0.012826	0.013244	0.012358	0.012413	978	1,392,684
5/25/18	0.012906	0.013133	0.012539	0.012847	4,014	1,441,377
5/24/18	0.013366	0.014178	0.012724	0.012885	3,997	1,445,640
5/23/18	0.014572	0.014608	0.01329	0.013399	2,689	1,503,342
5/22/18	0.015117	0.015128	0.014516	0.014585	3,889	1,636,304
5/21/18	0.015324	0.015702	0.014951	0.01512	5,129	1,696,328
5/20/18	0.014808	0.015632	0.014715	0.015305	2,665	1,717,140
5/19/18	0.015085	0.015294	0.014353	0.014798	2,975	1,660,224
5/18/18	0.015151	0.015386	0.014752	0.015087	2,793	1,692,704
5/17/18	0.015351	0.01591	0.015049	0.015139	3,526	1,698,516
5/16/18	0.015736	0.016256	0.014776	0.015342	14,890	1,721,280
5/15/18	0.016032	0.017601	0.015657	0.015744	26,544	1,766,449
5/14/18	0.016164	0.016393	0.015101	0.016058	6,663	1,801,578
5/13/18	0.015785	0.016718	0.01479	0.016166	8,214	1,813,784
5/12/18	0.014694	0.015891	0.01358	0.015788	9,770	1,771,386
5/11/18	0.016677	0.016677	0.014598	0.014734	4,925	1,653,099
5/10/18	0.016832	0.017865	0.01577	0.016661	34,295	1,869,220
5/9/18	0.016303	0.016859	0.015511	0.016836	5,346	1,888,921
5/8/18	0.016332	0.018211	0.016015	0.016326	19,620	1,831,736
5/7/18	0.018199	0.018306	0.016089	0.016301	3,769	1,828,931
5/6/18	0.019563	0.019978	0.017815	0.018188	6,125	2,040,586
5/5/18	0.019411	0.02027	0.018971	0.019552	3,799	2,193,575
5/4/18	0.018406	0.020453	0.017908	0.01942	19,090	2,178,810
5/3/18	0.019128	0.019743	0.018095	0.018413	9,034	2,065,852
5/2/18	0.018294	0.020189	0.01817	0.019127	12,940	2,146,004
5/1/18	0.018618	0.019767	0.017472	0.018319	11,772	2,055,272
4/30/18	0.016991	0.019309	0.016465	0.018602	14,706	2,087,102
4/29/18	0.01735	0.017694	0.016841	0.016996	3,254	1,906,884
4/28/18	0.016783	0.01762	0.016236	0.017356	10,370	1,947,296
4/27/18	0.017922	0.018353	0.016378	0.016839	17,104	1,889,269
4/26/18	0.016429	0.018196	0.01536	0.0179	8,054	2,008,229
4/25/18	0.020602	0.020602	0.01631	0.016338	5,997	1,833,026
4/24/18	0.018045	0.021706	0.017627	0.020722	18,438	2,324,887
4/23/18	0.01842	0.021748	0.017921	0.018032	8,790	2,023,050
4/22/18	0.016234	0.018614	0.015828	0.018454	6,171	2,070,497
4/21/18	0.018575	0.019304	0.015638	0.016234	15,151	1,821,391
4/20/18	0.017907	0.023299	0.015815	0.018517	29,295	2,077,565
4/19/18	0.019462	0.019462	0.017383	0.017885	8,009	2,006,625
4/18/18	0.017656	0.019484	0.016572	0.01945	5,219	2,182,153
4/17/18	0.020425	0.021194	0.017635	0.01764	12,862	1,979,115
4/16/18	0.021471	0.022215	0.019783	0.020416	5,546	2,290,533
4/15/18	0.020977	0.02219	0.020977	0.021479	4,362	2,409,852
4/14/18	0.021509	0.021972	0.020425	0.020956	6,542	2,351,141
4/13/18	0.019546	0.022279	0.019104	0.021509	11,700	2,413,218
4/12/18	0.018732	0.021819	0.018556	0.019524	12,159	2,190,456
4/11/18	0.018668	0.020606	0.017486	0.018798	7,936	2,109,058
4/10/18	0.018683	0.019238	0.017909	0.018654	9,013	2,092,858
4/9/18	0.019611	0.019796	0.017761	0.018641	7,554	2,091,478
4/8/18	0.019569	0.020342	0.019162	0.019593	3,991	2,198,264
4/7/18	0.025397	0.030002	0.019059	0.019523	13,250	2,190,343
4/6/18	0.02503	0.02604	0.018675	0.025417	19,572	2,851,709
4/5/18	0.02531	0.027297	0.0184	0.025097	31,590	2,815,784
4/4/18	0.029213	0.029226	0.018587	0.02533	14,300	2,841,937
4/3/18	0.033443	0.033445	0.016516	0.029218	11,274	3,278,060
4/2/18	0.030194	0.033435	0.016726	0.033431	28,678	3,749,913
4/1/18	0.016702	0.032615	0.016296	0.030193	12,539	3,385,832
3/31/18	0.043656	0.075675	0.016177	0.016715	16,240	1,873,988
3/30/18	0.023273	0.045312	0.016283	0.043244	34,807	4,846,919
3/29/18	0.022123	0.0247	0.018373	0.023358	17,733	2,617,424
3/28/18	0.027406	0.027488	0.013237	0.022101	4,223	2,475,940
3/27/18	0.022374	0.028243	0.020511	0.027405	18,295	3,069,305
3/26/18	0.024001	0.02408	0.020284	0.02241	4,597	2,509,270
3/25/18	0.023751	0.02479	0.023257	0.023867	2,381	2,671,636
3/24/18	0.023227	0.030592	0.022853	0.024059	9,022	2,692,573
3/23/18	0.02312	0.033441	0.022368	0.022972	26,760	2,570,248
3/22/18	0.022929	0.02693	0.022517	0.023131	10,729	2,587,346
3/21/18	0.035289	0.037061	0.02262	0.022909	11,906	2,561,796
3/20/18	0.024256	0.036307	0.023662	0.035077	60,305	3,921,310
3/19/18	0.023052	0.025684	0.022818	0.02405	18,220	2,687,930
3/18/18	0.031527	0.035044	0.019385	0.023151	32,181	2,586,744
3/17/18	0.023397	0.037225	0.022861	0.031564	55,978	3,520,137
3/16/18	0.026774	0.029436	0.023371	0.023371	30,019	2,606,400
3/15/18	0.026058	0.034785	0.024151	0.026784	34,587	2,987,069
3/14/18	0.032671	0.039472	0.0253	0.026045	47,310	2,904,674
3/13/18	0.039731	0.040505	0.025878	0.032404	51,607	3,613,863
3/12/18	0.037122	0.046786	0.022285	0.039806	42,337	4,439,372
3/11/18	0.075884	0.081928	0.024164	0.037227	16,989	4,151,760
3/10/18	0.028382	0.076168	0.022947	0.076115	62,428	8,488,763
3/9/18	0.034403	0.050954	0.017653	0.028356	53,590	3,162,048
3/8/18	0.02631	0.394016	0.025709	0.034333	16,598	3,827,665
3/7/18	0.037896	0.041634	0.02525	0.02633	35,755	2,933,743
3/6/18	0.040961	0.04652	0.026549	0.037935	20,264	4,226,692
3/5/18	0.05749	0.05749	0.039826	0.041077	22,180	4,576,053
3/4/18	0.057773	0.063129	0.025646	0.057532	26,868	6,407,534
3/3/18	0.049602	0.067254	0.046531	0.057868	35,744	6,441,489
3/2/18	0.04883	0.062178	0.027399	0.049666	28,284	5,528,465
3/1/18	0.04435	0.049908	0.026185	0.048924	17,480	5,444,723
2/28/18	0.049614	0.051657	0.025235	0.0443	24,095	4,928,875
2/27/18	0.050111	0.053081	0.027445	0.049672	39,702	5,525,191
2/26/18	0.024174	0.05051	0.02216	0.049918	72,894	5,551,200
2/25/18	0.027217	0.028384	0.022777	0.024713	17,653	2,747,521
2/24/18	0.030069	0.048899	0.026294	0.027256	11,040	3,029,399
2/23/18	0.037115	0.047144	0.016461	0.030188	34,860	3,354,299
2/22/18	0.029876	0.040214	0.013687	0.037123	60,124	4,123,983
2/21/18	0.040913	0.041604	0.02779	0.029938	18,762	3,325,159
2/20/18	0.036589	0.052097	0.030785	0.040967	93,149	4,549,364
2/19/18	0.032932	0.051339	0.029268	0.036479	43,198	4,049,920
2/18/18	0.036536	0.037136	0.03299	0.033065	22,030	3,670,098
2/17/18	0.048757	0.051593	0.03377	0.036442	13,933	4,044,024
2/16/18	0.0327	0.049561	0.032266	0.048745	98,459	6,655,414
2/15/18	0.038765	0.04746	0.034302	0.047409	79,543	6,473,098
2/14/18	0.044745	0.06423	0.037115	0.038718	28,041	5,286,345
2/13/18	0.04578	0.069336	0.034205	0.044873	114,851	6,126,706
2/12/18	0.034258	0.046024	0.03189	0.045685	173,376	6,237,664
2/11/18	0.034644	0.040033	0.028459	0.034023	196,211	4,645,384
2/10/18	0.030655	0.042096	0.0269	0.034674	440,323	3,833,556
2/9/18	0.029808	0.032153	0.027206	0.031229	18,655	3,452,696
2/8/18	0.026645	0.030531	0.025965	0.029324	26,655	3,241,993
2/7/18	0.028189	0.029427	0.025002	0.027354	12,340	3,024,259
2/6/18	0.02605	0.028732	0.021436	0.028482	19,886	3,148,936
2/5/18	0.032391	0.033128	0.025682	0.026019	14,959	2,876,629
2/4/18	0.035284	0.037439	0.030719	0.032682	13,255	3,613,294
2/3/18	0.035839	0.03868	0.032074	0.035256	30,605	3,897,828
2/2/18	0.039245	0.039245	0.030353	0.035718	50,028	3,946,763
2/1/18	0.041318	0.053726	0.036607	0.039285	76,720	4,338,537
1/31/18	0.040622	0.044387	0.035006	0.041217	46,183	4,549,246
1/30/18	0.038211	0.046587	0.029041	0.040524	51,391	4,472,590
1/29/18	0.044423	0.045287	0.036105	0.039862	50,991	4,399,568
1/28/18	0.047144	0.049642	0.041485	0.044732	42,926	4,931,311
1/27/18	0.046435	0.048085	0.043768	0.046887	28,295	5,167,577
1/26/18	0.047663	0.050158	0.043238	0.046037	10,324	5,073,783
1/25/18	0.049277	0.050413	0.042188	0.04791	35,148	5,277,211
1/24/18	0.046058	0.053908	0.044357	0.048509	41,197	5,342,674
1/23/18	0.041245	0.060947	0.037198	0.045222	33,512	4,977,604
1/22/18	0.045959	0.04721	0.03833	0.041403	19,183	4,556,346
1/21/18	0.053584	0.053584	0.044419	0.045456	6,255	5,000,342
1/20/18	0.048496	0.05687	0.048385	0.053466	48,704	5,881,339
1/19/18	0.046574	0.050342	0.045007	0.048076	36,181	5,287,078
1/18/18	0.046216	0.061863	0.038265	0.046891	24,426	5,156,638
1/17/18	0.044175	0.047931	0.03609	0.046067	28,991	5,066,005
1/16/18	0.055405	0.05627	0.039148	0.043856	21,245	4,822,730
1/15/18	0.055529	0.060288	0.0555	0.055554	9,737	6,108,096
1/14/18	0.059065	0.060483	0.05349	0.055894	14,117	6,140,068
1/13/18	0.058259	0.06734	0.057168	0.059028	47,810	6,484,324
1/12/18	0.058123	0.061595	0.053363	0.05832	37,121	6,406,379
1/11/18	0.063189	0.064132	0.053291	0.057678	48,852	6,325,605
1/10/18	0.059372	0.065375	0.057874	0.063255	25,251	6,937,275
1/9/18	0.065379	0.077632	0.059344	0.059344	47,401	6,505,594
1/8/18	0.070178	0.074238	0.06414	0.064882	39,511	7,107,051
1/7/18	0.079732	0.082094	0.065286	0.070269	85,392	7,689,003
1/6/18	0.075876	0.082588	0.071042	0.081157	57,406	8,880,343
1/5/18	0.075341	0.079526	0.063343	0.075963	63,395	8,308,628
1/4/18	0.080246	0.080973	0.068188	0.075282	36,779	8,234,017
1/3/18	0.089359	0.089976	0.075089	0.079188	69,292	8,660,434
1/2/18	0.070634	0.225968	0.070634	0.086027	130,667	9,405,900
1/1/18	0.064751	0.07331	0.061775	0.070387	54,563	7,693,806
12/31/17	0.057555	0.065022	0.053795	0.064532	36,315	7,051,883
12/30/17	0.054964	0.060433	0.045792	0.058113	46,248	6,348,792
12/29/17	0.059134	0.063589	0.045546	0.055212	35,054	6,030,233
12/28/17	0.064669	0.065897	0.052697	0.058456	26,924	6,383,037
12/27/17	0.059745	0.076648	0.057513	0.064765	39,119	7,070,648
12/26/17	0.05145	0.076776	0.046496	0.058968	49,805	6,437,769
12/25/17	0.059576	0.061838	0.050668	0.050668	23,804	5,527,871
12/24/17	0.063655	0.063655	0.05262	0.057841	80,706	6,310,463
12/23/17	0.058348	0.069041	0.056895	0.062498	100,522	6,818,474
12/22/17	0.069405	0.070072	0.048442	0.057669	78,090	6,291,414
12/21/17	0.075749	0.077011	0.067269	0.069077	92,144	7,531,164
12/20/17	0.08578	0.091349	0.065963	0.075318	124,576	8,211,430
12/19/17	0.143421	0.146418	0.071656	0.086348	143,552	9,413,244
12/18/17	0.069604	0.147458	0.064902	0.142877	315,868	15,575,650
12/17/17	0.041178	0.075357	0.038317	0.069411	137,723	7,566,630
12/16/17	0.036378	0.041687	0.035267	0.041165	39,857	4,487,324
12/15/17	0.032135	0.040339	0.03199	0.036332	49,653	3,960,322
12/14/17	0.023206	0.032812	0.020272	0.032102	34,177	3,499,173
12/13/17	0.026628	0.026957	0.022682	0.023269	13,366	2,536,315
12/12/17	0.026125	0.02969	0.02531	0.026583	30,566	2,897,533
12/11/17	0.031668	0.036891	0.025498	0.025955	18,518	2,829,043
12/10/17	0.033483	0.035194	0.017527	0.031983	48,995	3,486,100
12/9/17	0.025423	0.039889	0.023233	0.033349	58,465	3,634,875
12/8/17	0.029172	0.02983	0.022542	0.025509	15,487	2,780,210
12/7/17	0.025151	0.028477	0.024727	0.028338	43,457	3,088,415
12/6/17	0.021289	0.028538	0.021289	0.025319	26,946	2,759,436
12/5/17	0.037535	0.045267	0.021527	0.021527	42,929	2,346,133
12/4/17	0.024749	0.037692	0.018548	0.037463	129,968	4,082,859
12/3/17	0.011647	0.031958	0.011084	0.024642	41,320	2,685,552
12/2/17	0.024552	0.03311	0.011456	0.01164	79,408	1,268,009
12/1/17	0.03171	0.033095	0.022675	0.024578	95,823	2,677,451
11/30/17	0.025071	0.031869	0.015285	0.031869	63,578	3,471,625
11/29/17	0.026095	0.029724	0.018281	0.02468	82,466	2,688,535
11/28/17	0.030641	0.030641	0.013588	0.026228	45,989	2,857,121
11/27/17	0.030786	0.03182	0.022391	0.030541	71,460	3,326,914
11/26/17	0.026466	0.036225	0.023661	0.030762	65,206	3,350,511
11/25/17	0.035454	0.035807	0.022659	0.026457	21,220	2,881,694
11/24/17	0.027954	0.037004	0.027724	0.035495	78,292	3,865,095
11/23/17	0.039819	0.040298	0.027297	0.027297	26,397	2,972,405
11/22/17	0.031542	0.04263	0.007589	0.039832	202,667	4,337,300
11/21/17	0.031514	0.032948	0.025656	0.031483	20,507	3,427,416
11/20/17	0.042022	0.042608	0.033147	0.033755	30,982	3,674,620
11/19/17	0.034213	0.043548	0.032489	0.042142	52,858	4,587,517
11/18/17	0.035657	0.038204	0.033001	0.034481	15,900	3,753,916
11/17/17	0.036065	0.040609	0.034159	0.034932	47,570	3,802,001
11/16/17	0.036043	0.038316	0.033568	0.035319	42,744	3,844,033
11/15/17	0.033977	0.037541	0.033977	0.035985	9,875	3,916,471
11/14/17	0.045157	0.046386	0.029569	0.034031	31,432	3,703,802
11/13/17	0.043691	0.046987	0.032527	0.04506	80,537	4,904,153
11/12/17	0.037393	0.048772	0.031824	0.043842	60,542	4,771,533
11/11/17	0.062359	0.077634	0.036479	0.037453	37,723	4,076,171
11/10/17	0.038246	0.072476	0.037528	0.062748	294,694	6,828,970
11/9/17	0.041535	0.041535	0.036318	0.038095	32,992	4,145,932
11/8/17	0.035429	0.041579	0.035429	0.041576	48,246	4,524,743
11/7/17	0.029684	0.038925	0.029684	0.035535	58,758	3,867,292
11/6/17	0.037408	0.042122	0.027503	0.029932	31,448	3,257,474
11/5/17	0.034539	0.049987	0.033344	0.037246	62,477	4,053,357
11/4/17	0.037715	0.040208	0.033526	0.035383	25,093	3,850,666
11/3/17	0.035279	0.04615	0.030572	0.037841	31,410	4,118,114
11/2/17	0.033843	0.044141	0.032123	0.034968	25,929	3,805,279
11/1/17	0.032721	0.041445	0.023302	0.036384	35,122	3,959,329
10/31/17	0.037127	0.040656	0.031866	0.033002	31,454	3,591,308
10/30/17	0.04188	0.042772	0.033628	0.037255	26,931	4,053,954
10/29/17	0.040505	0.04318	0.037445	0.042078	36,107	4,576,906
10/28/17	0.038599	0.044096	0.038599	0.041188	24,219	4,480,049
10/27/17	0.040119	0.04783	0.037582	0.038495	25,944	4,187,069
10/26/17	0.03876	0.052272	0.037028	0.040095	40,833	4,361,115
10/25/17	0.037603	0.040466	0.036061	0.038806	24,101	4,220,693
10/24/17	0.043522	0.044701	0.036183	0.036626	26,600	3,983,579
10/23/17	0.053422	0.06497	0.040452	0.043301	40,495	4,709,488
10/22/17	0.078522	0.084302	0.051681	0.054979	29,390	5,979,462
10/21/17	0.058121	0.114297	0.050184	0.089823	82,799	9,768,944
10/20/17	0.053957	0.072435	0.046694	0.059904	47,309	6,514,983
10/19/17	0.075103	0.08601	0.053679	0.053679	180,077	5,837,887
10/18/17	0.040542	0.198383	0.034018	0.074476	285,440	-
10/17/17	0.048735	0.059097	0.020762	0.040435	88,059	-
10/16/17	0.026414	0.088092	0.025827	0.046821	80,788	-
10/15/17	0.043957	0.2363	0.019026	0.026017	174,332	-
10/14/17	0.001844	0.052228	0.001695	0.04387	32,429	-
10/13/17	0.002019	0.002596	0.001775	0.001843	13,519	-
10/12/17	0.001595	0.002063	0.001331	0.002013	17,759	-
10/11/17	0.001677	0.002009	0.001368	0.001585	13,058	-
10/10/17	0.002019	0.002165	0.001549	0.001676	12,495	-
10/9/17	0.002215	0.002773	0.001778	0.002019	22,057	213,236
10/8/17	0.001716	0.00252	0.001414	0.002217	45,838	234,192
10/7/17	0.001081	0.003471	0.000952	0.001721	71,928	181,746
10/6/17	0.001016	0.001086	0.000853	0.001081	5,634	114,174
10/5/17	0.000964	0.00114	0.000847	0.001017	9,459	107,418
10/4/17	0.001037	0.001122	0.000919	0.000963	2,464	101,697
10/3/17	0.001074	0.001367	0.000822	0.001035	5,656	109,318
10/2/17	0.001073	0.001263	0.000819	0.001075	10,434	113,515
10/1/17	0.001169	0.001256	0.00099	0.001073	1,254	113,377
9/30/17	0.001103	0.001237	0.00106	0.001169	684	123,465
9/29/17	0.001079	0.001278	0.001069	0.001089	619	114,982
9/28/17	0.001212	0.001288	0.001048	0.001082	2,614	114,272
9/27/17	0.001278	0.001284	0.001114	0.001214	1,026	128,256
9/26/17	0.001368	0.00139	0.001211	0.001282	552	135,437
9/25/17	0.001299	0.001378	0.001116	0.00137	2,483	144,708
9/24/17	0.00134	0.001431	0.001183	0.001295	995	136,768
9/23/17	0.00127	0.001472	0.001106	0.00134	3,960	141,506
9/22/17	0.001156	0.001466	0.001116	0.001274	4,069	134,545
9/21/17	0.002071	0.002096	0.001095	0.001147	4,834	121,125
9/20/17	0.001392	0.003103	0.001317	0.002082	7,403	219,878
9/19/17	0.001664	0.001713	0.001145	0.001394	6,229	147,248
9/18/17	0.001299	0.001765	0.001211	0.001662	2,326	175,487
9/17/17	0.001722	0.001722	0.001232	0.00127	1,173	134,154
9/16/17	0.001339	0.002331	0.001197	0.001721	12,888	181,792
9/15/17	0.001569	0.001686	0.000997	0.001363	5,012	143,955
9/14/17	0.001448	0.001986	0.001365	0.001555	16,791	164,270
9/13/17	0.00107	0.001541	0.001012	0.001448	15,525	152,914
9/12/17	0.001613	0.003735	0.000999	0.001074	11,996	113,434
9/11/17	0.001079	0.001681	0.000911	0.001612	13,807	170,265
9/10/17	0.001253	0.001253	0.001047	0.001085	711	114,602
9/9/17	0.001617	0.00162	0.000996	0.001251	1,831	132,116
9/8/17	0.001573	0.002382	0.001395	0.001615	12,104	170,536
9/7/17	0.001312	0.001987	0.001032	0.001573	21,569	166,148
9/6/17	0.001505	0.001929	0.00124	0.001322	2,578	139,623
9/5/17	0.001598	0.00174	0.001426	0.00151	3,319	159,436
9/4/17	0.001551	0.001637	0.001165	0.001591	7,272	168,085
9/3/17	0.001418	0.001675	0.001418	0.001551	1,996	163,767
9/2/17	0.00159	0.001625	0.001404	0.001438	861	151,850
9/1/17	0.001845	0.001981	0.001542	0.001593	1,503	168,258
8/31/17	0.002356	0.002356	0.001767	0.002121	1,305	224,062
8/30/17	0.001872	0.002356	0.001638	0.002356	665	248,797
8/29/17	0.001581	0.0024	0.001538	0.001873	1,605	197,816
8/28/17	0.002504	0.002598	0.000545	0.001548	7,553	163,544
8/27/17	0.002148	0.002664	0.001533	0.002483	1,964	262,221
8/26/17	0.003537	0.003612	0.002433	0.002788	1,287	294,427
8/25/17	0.002135	0.003954	0.00177	0.003452	3,975	364,593
8/24/17	0.001727	0.002146	0.001704	0.002143	2,275	226,318
8/23/17	0.001837	0.001899	0.001306	0.001545	1,401	163,205
8/22/17	0.001896	0.002114	0.001735	0.00184	815	194,344
8/21/17	0.00202	0.002159	0.001872	0.001883	1,088	198,887
8/20/17	0.002015	0.002219	0.001866	0.001921	2,584	202,934
8/19/17	0.002156	0.002203	0.00191	0.002022	1,382	213,531
8/18/17	0.002113	0.002183	0.001792	0.002161	1,334	228,254
8/17/17	0.002696	0.002726	0.001923	0.002139	2,294	225,867
8/16/17	0.002528	0.002699	0.001519	0.002699	18,606	285,062
8/15/17	0.002126	0.002934	0.001205	0.00251	11,090	265,094
8/14/17	0.003335	0.00361	0.00207	0.002121	7,039	224,058
8/13/17	0.002608	0.003881	0.002012	0.003333	11,008	352,030
8/12/17	0.00387	0.003916	0.002447	0.002621	6,145	276,844
8/11/17	0.003347	0.005147	0.002235	0.003876	10,394	409,332
8/10/17	0.006115	0.008332	0.002232	0.003348	10,818	353,573
8/9/17	0.001942	0.007436	0.001724	0.006123	9,307	646,658
8/8/17	0.001905	0.002499	0.001722	0.002085	3,406	220,210
8/7/17	0.00205	0.021957	0.001872	0.001878	2,433	198,391
8/6/17	0.002026	0.002064	0.001781	0.002064	740	218,016
8/5/17	0.00169	0.002047	0.001594	0.001997	1,015	210,938
8/4/17	0.00185	0.002098	0.001647	0.001683	1,628	177,722
8/3/17	0.001695	0.002002	0.001585	0.001847	1,381	195,130
8/2/17	0.00195	0.002084	0.001643	0.001687	2,537	178,201
8/1/17	0.00232	0.002553	0.001915	0.001951	710	206,063
7/31/17	0.002019	0.002327	0.001677	0.002312	3,201	244,178
7/30/17	0.002111	0.002212	0.001773	0.002019	1,511	213,219
7/29/17	0.002365	0.002492	0.001761	0.002092	4,938	220,995
7/28/17	0.002293	0.003102	0.002196	0.002292	3,717	242,095
7/27/17	0.00273	0.00323	0.002188	0.002267	2,165	239,462
7/26/17	0.002999	0.003	0.002386	0.002729	980	288,268
7/25/17	0.003301	0.003504	0.002972	0.002998	6,026	316,693
7/24/17	0.003731	0.004124	0.003179	0.003262	27,852	344,483
7/23/17	0.003809	0.00427	0.003205	0.00371	27,849	391,856
7/22/17	0.00412	0.00412	0.00321	0.003809	29,786	402,346
7/21/17	0.003821	0.004313	0.003166	0.004119	38,391	434,995
7/20/17	0.004405	0.004783	0.003554	0.003814	31,462	402,802
7/19/17	0.005327	0.005353	0.003676	0.004444	27,863	469,421
7/18/17	0.005041	0.005598	0.003492	0.00532	26,903	561,890
7/17/17	0.004094	0.005339	0.003386	0.004091	60,684	432,090
7/16/17	0.004347	0.004388	0.003198	0.004102	77,984	433,257
7/15/17	0.00454	0.00454	0.002955	0.004346	112,424	459,070
7/14/17	0.003461	0.004827	0.002981	0.00338	69,965	356,944
7/13/17	0.003523	0.004645	0.003039	0.003948	99,905	416,957
7/12/17	0.004552	0.004964	0.003135	0.004293	92,780	453,447
7/11/17	0.004897	0.00528	0.003214	0.004553	69,822	480,885
7/10/17	0.00514	0.005338	0.004613	0.004904	75,680	517,912
7/9/17	0.00469	0.005394	0.00469	0.005118	78,519	540,557
7/8/17	0.005453	0.005534	0.004646	0.004906	62,167	518,185
7/7/17	0.005651	0.005704	0.005154	0.005464	70,362	577,096
7/6/17	0.005402	0.005679	0.005104	0.005679	81,425	599,768
7/5/17	0.005316	0.005492	0.005079	0.005376	86,729	567,859
7/4/17	0.005702	0.005702	0.00518	0.005314	85,105	561,244
7/3/17	0.005883	0.006345	0.005182	0.005661	75,533	597,928
7/2/17	0.006356	0.007043	0.005156	0.005644	73,033	596,134
7/1/17	0.006416	0.00706	0.006066	0.006224	78,064	657,416
6/30/17	0.006179	0.007071	0.006076	0.006269	68,475	662,114
6/29/17	0.006816	0.00706	0.006082	0.006186	77,493	653,361
6/28/17	0.007006	0.007568	0.00646	0.006816	71,044	719,853
6/27/17	0.007246	0.007793	0.006584	0.006782	74,778	716,295
6/26/17	0.008082	0.008468	0.007056	0.007246	79,912	765,349
6/25/17	0.007328	0.008444	0.006959	0.00807	92,109	852,299
6/24/17	0.007707	0.007933	0.006804	0.00737	83,893	778,378
6/23/17	0.00813	0.009011	0.007281	0.007708	83,386	814,155
6/22/17	0.007944	0.008796	0.007385	0.007939	93,921	838,536
6/21/17	0.007789	0.008877	0.007305	0.007666	63,046	809,718
6/20/17	0.007658	0.008781	0.007191	0.007803	66,885	824,179
6/19/17	0.00904	0.009224	0.007013	0.008725	64,100	921,561
6/18/17	0.008718	0.00925	0.007805	0.009013	59,139	951,963
6/17/17	0.009968	0.010042	0.007831	0.008743	59,114	923,385
6/16/17	0.009492	0.010542	0.009175	0.00997	67,908	1,052,973
6/15/17	0.009847	0.010859	0.009212	0.009492	55,019	1,002,574
6/14/17	0.0098	0.010873	0.009264	0.009852	56,063	1,040,546
6/13/17	0.01	0.010932	0.009076	0.010494	60,553	1,108,322
6/12/17	0.009938	0.011347	0.009578	0.010003	59,217	1,056,495
6/11/17	0.01072	0.011362	0.009694	0.009913	55,315	1,046,971
6/10/17	0.010128	0.011396	0.009691	0.010729	77,644	1,133,142
6/9/17	0.01045	0.012012	0.009683	0.009918	54,231	1,047,502
6/8/17	0.01058	0.012175	0.009145	0.01129	60,747	1,192,479
6/7/17	0.009154	0.012332	0.009154	0.010955	61,586	1,157,033
6/6/17	0.011145	0.012241	0.008369	0.009153	53,610	966,687
6/5/17	0.010511	0.012116	0.010237	0.011072	70,209	1,169,369
6/4/17	0.010986	0.011541	0.010258	0.010553	56,778	1,114,617
6/3/17	0.01095	0.011688	0.009587	0.010261	45,541	1,083,797
6/2/17	0.011714	0.011989	0.00884	0.010944	66,653	1,155,861
6/1/17	0.008055	0.011712	0.007948	0.011712	54,309	1,237,050
5/31/17	0.008332	0.00876	0.007636	0.007956	6,486	840,257
5/30/17	0.008674	0.009084	0.008186	0.008306	6,570	877,249
5/29/17	0.008462	0.008939	0.008034	0.008665	6,125	915,140
5/28/17	0.008594	0.009211	0.007941	0.008478	4,284	895,473
5/27/17	0.007867	0.008797	0.007295	0.008545	12,286	902,513
5/26/17	0.007968	0.009216	0.007835	0.007845	5,274	828,543
5/25/17	0.008729	0.0096	0.007637	0.008023	8,172	847,409
5/24/17	0.009702	0.009733	0.008515	0.008743	9,707	923,424
5/23/17	0.007605	0.009697	0.007551	0.009697	9,274	1,024,146
5/22/17	0.007521	0.00827	0.007332	0.007615	12,793	804,334
5/21/17	0.008439	0.008719	0.007495	0.007495	10,105	791,612
5/20/17	0.016461	0.016676	0.008041	0.008442	7,051	891,668
5/19/17	0.020115	0.020891	0.015554	0.016461	25,285	1,738,623
5/18/17	0.01971	0.020625	0.013705	0.020115	58,109	2,124,565
5/17/17	0.019456	0.019863	0.018413	0.019702	107,209	2,080,860
5/16/17	0.020431	0.020447	0.01894	0.01947	64,011	2,056,367
5/15/17	0.011322	0.020482	0.008601	0.02043	117,983	2,157,846
5/14/17	0.020366	0.020569	0.007185	0.011322	57,599	1,195,859
5/13/17	0.0195	0.021408	0.01947	0.020368	76,945	2,151,244
5/12/17	0.020899	0.021119	0.007086	0.019499	117,383	2,059,504
5/11/17	0.020894	0.020904	0.008175	0.020897	137,787	2,207,085
5/10/17	0.011854	0.020896	0.00841	0.020896	79,331	2,207,001
5/9/17	0.014208	0.017065	0.011163	0.011853	11,863	1,251,942
5/8/17	0.019409	0.01942	0.009671	0.014207	28,772	1,500,569
5/7/17	0.018726	0.020024	0.018699	0.019362	118,077	2,044,960
5/6/17	0.017398	0.021888	0.017398	0.018777	129,159	1,983,194
5/5/17	0.010813	0.017724	0.00555	0.017418	60,627	1,839,700
5/4/17	0.018405	0.018465	0.005767	0.010812	12,172	1,141,961
5/3/17	0.018664	0.019278	0.017478	0.018405	46,913	1,833,475
5/2/17	0.018893	0.01959	0.018207	0.018663	114,624	1,859,166
5/1/17	0.015187	0.021575	0.015051	0.018895	95,465	1,882,278
4/30/17	0.015398	0.01597	0.00729	0.015186	79,495	1,512,841
4/29/17	0.015472	0.016643	0.015346	0.015444	70,790	1,538,533
4/28/17	0.016147	0.017081	0.014965	0.015473	73,815	1,525,900
4/27/17	0.019786	0.01984	0.015789	0.016147	81,759	1,592,379
4/26/17	0.015085	0.021038	0.013659	0.019786	71,701	1,951,292
4/25/17	0.017746	0.017881	0.009704	0.015088	70,960	1,487,931
4/24/17	0.013649	0.017762	0.006665	0.017746	77,198	1,750,070
4/23/17	0.016648	0.016854	0.007166	0.013641	44,110	1,277,054
4/22/17	0.017676	0.018074	0.015764	0.01668	46,922	1,561,534
4/21/17	0.018708	0.018979	0.008115	0.017676	65,827	1,654,816
4/20/17	0.018448	0.019188	0.013994	0.018707	85,874	1,751,346
4/19/17	0.019219	0.019219	0.009284	0.018451	72,791	1,727,324
4/18/17	0.022543	0.022543	0.015291	0.019212	47,045	1,798,577
4/17/17	0.019837	0.024232	0.019837	0.022543	247,041	2,110,421
4/16/17	0.022826	0.023538	0.018418	0.019837	81,538	1,857,079
4/15/17	0.010159	0.023831	0.009729	0.022817	91,456	2,136,073
4/14/17	0.025359	0.02544	0.009735	0.010159	54,192	951,092
4/13/17	0.023994	0.025366	0.023793	0.02536	131,516	2,374,136
4/12/17	0.022445	0.023993	0.010476	0.023993	146,887	2,246,197
4/11/17	0.022142	0.023701	0.017925	0.022444	304,547	2,101,162
4/10/17	0.024199	0.024811	0.022139	0.022144	67,954	2,073,114
4/9/17	0.024341	0.027178	0.021894	0.02417	95,329	2,262,720
4/8/17	0.024302	0.02465	0.024257	0.024328	327,569	2,277,550
4/7/17	0.021422	0.024731	0.021384	0.02432	252,515	2,276,847
4/6/17	0.021242	0.021423	0.017263	0.021423	384,967	2,005,606
4/5/17	0.019341	0.0213	0.018948	0.021242	252,017	1,988,614
4/4/17	0.019488	0.019614	0.013881	0.01934	159,317	1,810,616
4/3/17	0.019546	0.019734	0.019384	0.019509	240,926	1,728,829
4/2/17	0.018607	0.019548	0.01701	0.019548	217,575	1,732,339
4/1/17	0.013136	0.019515	0.012639	0.018562	160,855	1,644,934
3/31/17	0.019599	0.019708	0.012032	0.013137	25,293	1,164,177
3/30/17	0.029119	0.029127	0.010384	0.019597	177,294	1,736,619
3/29/17	0.023295	0.02914	0.010987	0.029125	139,891	2,581,041
3/28/17	0.024257	0.029853	0.010905	0.023326	23,980	2,067,123
3/27/17	0.011413	0.024731	0.010639	0.024282	21,186	2,151,851
3/26/17	0.020683	0.026952	0.010324	0.011351	16,024	1,005,886
3/25/17	0.015665	0.029659	0.010455	0.020471	19,755	1,814,089
3/24/17	0.019076	0.023575	0.011153	0.015679	24,794	1,232,649
3/23/17	0.030165	0.030262	0.011603	0.019074	23,494	1,499,560
3/22/17	0.027191	0.030327	0.013112	0.030075	28,146	2,253,169
3/21/17	0.020644	0.030523	0.01253	0.027111	23,971	2,031,139
3/20/17	0.01488	0.020652	0.011041	0.020543	68,644	1,539,020
3/19/17	0.014461	0.015718	0.013898	0.014855	27,816	1,038,672
3/18/17	0.016033	0.016657	0.013276	0.01442	24,243	1,008,230
3/17/17	0.022816	0.022816	0.014105	0.016426	45,365	1,148,466
3/16/17	0.013449	0.027953	0.012576	0.023139	46,341	1,617,866
3/15/17	0.020756	0.021202	0.011367	0.013357	27,771	933,885
3/14/17	0.011106	0.024611	0.009631	0.020754	85,626	1,451,088
3/13/17	0.009313	0.011118	0.008933	0.011104	21,188	776,351
3/12/17	0.009515	0.009544	0.008859	0.009296	9,069	649,990
3/11/17	0.009543	0.018709	0.009228	0.009511	9,507	664,988
3/10/17	0.008971	0.011453	0.008541	0.009543	25,060	667,216
3/9/17	0.008677	0.010262	0.008505	0.008968	12,393	627,028
3/8/17	0.009571	0.010186	0.008448	0.008676	12,964	606,649
3/7/17	0.01082	0.012526	0.007829	0.009574	36,315	669,376
3/6/17	0.010763	0.010993	0.010379	0.010817	5,352	756,326
3/5/17	0.011901	0.012188	0.010332	0.010737	11,400	750,691
3/4/17	0.015863	0.016811	0.011725	0.011905	30,441	832,391
3/3/17	0.013874	0.016605	0.009042	0.015839	38,223	1,107,458
3/2/17	0.015704	0.016332	0.01368	0.013878	32,625	970,306
3/1/17	0.014401	0.015678	0.009788	0.015678	34,313	1,096,187
2/28/17	0.01483	0.01574	0.012777	0.0144	45,295	1,006,852
2/27/17	0.014286	0.015132	0.011268	0.014821	43,419	1,036,267
2/26/17	0.014441	0.015786	0.01232	0.014303	55,049	1,000,021
2/25/17	0.013723	0.014995	0.012745	0.014436	54,081	1,009,320
2/24/17	0.013868	0.014375	0.011784	0.013759	44,473	962,013
2/23/17	0.012221	0.014577	0.01221	0.013797	51,288	964,698
2/22/17	0.013159	0.014281	0.012122	0.012223	65,046	854,604
2/21/17	0.014077	0.014656	0.01199	0.013164	55,773	920,446
2/20/17	0.012802	0.015238	0.011114	0.014082	92,534	984,604
2/19/17	0.011626	0.014408	0.010708	0.012792	64,544	894,402
2/18/17	0.012433	0.014907	0.01149	0.011494	64,680	803,612
2/17/17	0.012833	0.017103	0.012214	0.012234	55,515	855,387
2/16/17	0.013715	0.015846	0.012604	0.012861	63,335	899,247
2/15/17	0.014387	0.019369	0.013484	0.013714	76,365	958,867
2/14/17	0.013637	0.016919	0.012218	0.014383	125,062	1,005,650
2/13/17	0.015075	0.015356	0.01304	0.013628	20,906	952,868
2/12/17	0.017049	0.018791	0.013968	0.015095	115,227	1,055,390
2/11/17	0.01358	0.018723	0.013066	0.016998	89,251	1,188,473
2/10/17	0.017975	0.020089	0.0136	0.013625	138,385	952,623
2/9/17	0.013459	0.018026	0.013234	0.01802	158,230	1,259,972
2/8/17	0.012961	0.018406	0.012848	0.013446	116,892	940,164
2/7/17	0.01787	0.020294	0.01281	0.012959	208,078	832,193
2/6/17	0.017678	0.018401	0.016852	0.017838	18,345	1,145,523
2/5/17	0.01787	0.02233	0.016966	0.01766	66,198	1,134,072
2/4/17	0.020512	0.023658	0.017561	0.017861	54,557	1,147,013
2/3/17	0.019044	0.020559	0.01569	0.020513	261,957	1,317,308
2/2/17	0.017669	0.021171	0.017089	0.019042	88,353	1,222,829
2/1/17	0.020359	0.020438	0.01713	0.017569	11,068	1,128,286
1/31/17	0.018622	0.020591	0.018096	0.020353	68,910	1,307,020
1/30/17	0.018585	0.022131	0.017541	0.018623	83,772	1,195,941
1/29/17	0.018628	0.022929	0.018474	0.018627	50,685	1,196,204
1/28/17	0.018493	0.025716	0.018392	0.018629	120,568	1,196,307
1/27/17	0.023795	0.038102	0.018494	0.018494	46,475	1,187,676
1/26/17	0.019999	0.026617	0.018807	0.023795	50,691	1,528,093
1/25/17	0.017903	0.03476	0.017567	0.019995	37,329	1,284,056
1/24/17	0.027122	0.028476	0.017578	0.017895	12,786	1,149,228
1/23/17	0.026175	0.029018	0.024881	0.0274	14,627	1,759,622
1/22/17	0.064173	0.06763	0.025335	0.02617	20,012	1,680,600
1/21/17	0.048316	0.069489	0.018562	0.064174	17,730	4,121,198
1/20/17	0.036847	0.050278	0.018306	0.04828	23,511	3,100,479
1/19/17	0.03586	0.05815	0.03465	0.036853	34,169	2,366,650
1/18/17	0.056875	0.05715	0.030056	0.035727	36,214	2,294,372
1/17/17	0.047355	0.075836	0.04722	0.056857	16,937	3,634,207
1/16/17	0.052024	0.053199	0.017714	0.047343	18,020	3,026,141
1/15/17	0.04019	0.059281	0.017806	0.052025	15,258	3,325,403
1/14/17	0.02875	0.05947	0.028614	0.040205	21,376	2,569,844
1/13/17	0.100022	0.100746	0.028075	0.028702	54,108	1,834,605
1/12/17	0.05815	0.103356	0.020374	0.100142	82,802	6,400,959
1/11/17	0.061717	0.066058	0.042736	0.058156	44,473	3,717,289
1/10/17	0.050461	0.068276	0.049362	0.061683	48,345	3,942,680
1/9/17	0.04923	0.057768	0.047434	0.050486	50,432	3,227,012
1/8/17	0.050523	0.053823	0.045215	0.049161	33,717	3,141,803
1/7/17	0.038657	0.050522	0.018445	0.050522	21,359	3,228,802
1/6/17	0.019567	0.051416	0.018872	0.03859	31,035	2,466,248
1/5/17	0.033815	0.034343	0.018267	0.019503	10,475	1,246,408
1/4/17	0.032251	0.036952	0.021769	0.03378	44,193	2,158,853
1/3/17	0.030278	0.032258	0.021418	0.032258	23,512	2,058,035
1/2/17	0.046017	0.053912	0.021506	0.030274	36,965	1,931,414
1/1/17	0.018919	0.049766	0.018707	0.045991	77,077	2,934,204
12/31/16	0.043222	0.048057	0.018118	0.018916	30,720	1,206,838
12/30/16	0.045448	0.045449	0.017288	0.043216	79,304	2,757,117
12/29/16	0.038685	0.047507	0.017037	0.045452	42,536	2,899,810
12/28/16	0.016139	0.04337	0.015466	0.038679	49,684	2,467,681
12/27/16	0.017803	0.041938	0.016116	0.016175	13,337	1,031,952
12/26/16	0.029897	0.038752	0.017019	0.017493	19,087	1,116,046
12/25/16	0.023107	0.037052	0.017054	0.029942	54,341	1,910,290
12/24/16	0.019752	0.027006	0.016456	0.023223	58,092	1,481,575
12/23/16	0.023421	0.026734	0.014333	0.019828	72,471	1,264,978
12/22/16	0.031556	0.032253	0.017901	0.023429	75,285	1,494,768
12/21/16	0.01864	0.034313	0.017407	0.031544	54,682	2,012,458
12/20/16	0.020228	0.020228	0.017092	0.018651	21,651	1,189,912
12/19/16	0.01877	0.021752	0.016974	0.020233	27,059	1,290,829
12/18/16	0.017724	0.022269	0.01771	0.018764	26,775	1,197,121
12/17/16	0.017605	0.022186	0.016165	0.017724	38,748	1,130,770
12/16/16	0.020973	0.021778	0.017245	0.017605	26,857	1,123,178
12/15/16	0.020225	0.025259	0.019786	0.02098	26,013	1,191,634
12/14/16	0.023541	0.034166	0.01814	0.020218	61,428	1,148,336
12/13/16	0.02661	0.026941	0.02355	0.02357	19,255	1,220,919
12/12/16	0.026305	0.031493	0.026281	0.026613	19,742	1,312,014
12/11/16	0.026353	0.026981	0.025696	0.026298	13,740	1,296,470
12/10/16	0.02662	0.026782	0.025883	0.026357	9,789	1,299,364
12/9/16	0.026982	0.027627	0.025799	0.026574	17,664	1,310,082
12/8/16	0.025583	0.026997	0.025388	0.026988	19,430	1,330,457
12/7/16	0.024412	0.03256	0.024412	0.025584	20,953	1,261,256
12/6/16	0.023984	0.027163	0.02324	0.024412	27,081	1,203,493
12/5/16	0.025929	0.026255	0.020623	0.023983	33,774	1,182,324
12/4/16	0.02691	0.027822	0.024793	0.025823	27,210	1,273,058
12/3/16	0.026147	0.029765	0.026038	0.02674	34,792	1,318,241
12/2/16	0.027356	0.030174	0.025811	0.026139	29,386	1,288,627
12/1/16	0.030094	0.031767	0.025657	0.02732	27,351	1,346,824
11/30/16	0.030381	0.032186	0.030024	0.030094	31,403	1,483,574
11/29/16	0.030587	0.032787	0.030153	0.030385	25,293	1,497,965
11/28/16	0.03411	0.034202	0.030524	0.030586	22,562	1,507,849
11/27/16	0.030302	0.034491	0.030302	0.034107	19,256	1,681,455
11/26/16	0.03221	0.033016	0.029139	0.030311	21,136	1,494,282
11/25/16	0.028127	0.033169	0.028127	0.032209	28,664	1,587,851
11/24/16	0.032526	0.034696	0.025644	0.028237	13,422	1,392,031
11/23/16	0.034612	0.036847	0.03128	0.032526	47,845	1,603,489
11/22/16	0.034081	0.038372	0.030633	0.034613	26,130	1,706,380
11/21/16	0.039319	0.041878	0.033267	0.034097	36,114	1,680,927
11/20/16	0.04233	0.043618	0.039223	0.039317	21,582	1,938,292
11/19/16	0.042163	0.047084	0.041643	0.042323	55,996	2,086,455
11/18/16	0.039595	0.044749	0.039285	0.042174	36,990	1,832,411
11/17/16	0.044805	0.045551	0.038975	0.039438	28,633	1,713,522
11/16/16	0.046349	0.049134	0.039797	0.04491	41,213	1,951,283
11/15/16	0.049088	0.050663	0.046346	0.046377	38,510	2,015,048
11/14/16	0.049149	0.063642	0.048491	0.049074	65,750	2,132,217
11/13/16	0.050426	0.052272	0.048284	0.049101	15,644	2,133,398
11/12/16	0.050926	0.054769	0.05013	0.050462	15,233	2,192,532
11/11/16	0.050377	0.055187	0.049802	0.050926	26,505	2,212,679
11/10/16	0.050592	0.067858	0.04422	0.050184	49,071	2,180,440
11/9/16	0.049114	0.067218	0.047676	0.050585	78,368	2,197,859
11/8/16	0.045737	0.051882	0.04437	0.048813	31,896	2,120,863
11/7/16	0.048185	0.056616	0.045399	0.045722	23,724	1,986,546
11/6/16	0.04868	0.054766	0.0438	0.048126	74,651	2,091,027
11/5/16	0.043235	0.057697	0.042771	0.048379	36,236	2,102,028
11/4/16	0.049078	0.049839	0.040818	0.043243	23,852	1,878,853
11/3/16	0.053947	0.074862	0.047626	0.048888	85,368	2,124,131
11/2/16	0.064166	0.06449	0.04271	0.053899	62,192	2,341,848
11/1/16	0.050449	0.068148	0.041514	0.064161	111,177	2,787,644
10/31/16	0.057789	0.074116	0.04434	0.050486	67,515	2,193,487
10/30/16	0.051858	0.070883	0.049826	0.057804	146,565	2,511,467
10/29/16	0.054461	0.054556	0.044458	0.051869	56,380	2,253,575
10/28/16	0.062902	0.064786	0.044412	0.054534	71,815	1,769,484
10/27/16	0.052033	0.076233	0.049237	0.062862	87,025	2,039,716
10/26/16	0.052533	0.06661	0.049709	0.052047	30,884	1,688,774
10/25/16	0.052377	0.059579	0.048863	0.052509	17,498	1,703,778
10/24/16	0.058029	0.06192	0.051942	0.052507	15,743	1,703,710
10/23/16	0.086251	0.08676	0.049657	0.058318	43,537	1,892,274
10/22/16	0.042013	0.092512	0.039655	0.086246	42,045	2,798,469
10/21/16	0.060439	0.061307	0.035298	0.041937	16,133	1,360,750
10/20/16	0.062705	0.062839	0.050779	0.060451	75,277	1,961,491
10/19/16	0.055183	0.06458	0.035776	0.062707	123,337	2,034,689
10/18/16	0.07333	0.074098	0.054015	0.055181	56,596	1,790,468
10/17/16	0.080817	0.087664	0.073037	0.073331	121,855	2,379,401
10/16/16	0.08106	0.081539	0.055128	0.080789	117,508	2,621,394
10/15/16	0.082953	0.087737	0.053523	0.081038	129,339	2,629,470
10/14/16	0.084512	0.085522	0.062044	0.082945	85,544	2,691,344
10/13/16	0.062355	0.088065	0.055992	0.084498	103,911	2,741,731
10/12/16	0.0654	0.069357	0.057457	0.062354	109,027	2,023,229
10/11/16	0.063759	0.071239	0.049586	0.065583	107,808	2,128,015
10/10/16	0.058098	0.067039	0.055653	0.063737	74,081	2,068,113
10/9/16	0.058306	0.069004	0.057251	0.058084	53,613	1,884,669
10/8/16	0.06966	0.075651	0.05505	0.058304	54,048	1,891,810
10/7/16	0.076944	0.07862	0.038102	0.069645	77,681	2,259,806
10/6/16	0.079014	0.086333	0.068166	0.076945	96,465	2,496,669
10/5/16	0.084159	0.086541	0.067806	0.079017	61,617	2,563,907
10/4/16	0.065931	0.163111	0.065232	0.084153	77,614	2,730,547
10/3/16	0.070461	0.098467	0.062891	0.065924	61,859	2,139,073
10/2/16	0.065796	0.099826	0.065792	0.070461	41,600	2,286,274
10/1/16	0.088659	0.109195	0.063786	0.065749	40,319	2,133,398
9/30/16	0.074299	0.092784	0.050981	0.087951	87,534	2,853,772
9/29/16	0.083279	0.08996	0.07163	0.074287	32,596	2,410,434
9/28/16	0.088679	0.089809	0.080565	0.083289	36,553	2,702,503
9/27/16	0.088186	0.098394	0.084811	0.088675	27,297	2,877,290
9/26/16	0.08969	0.093791	0.084707	0.0882	27,822	2,861,845
9/25/16	0.097914	0.098433	0.086133	0.089698	38,403	2,910,468
9/24/16	0.10954	0.113417	0.096965	0.097904	28,975	3,176,741
9/23/16	0.103027	0.114644	0.091089	0.109545	68,981	3,554,451
9/22/16	0.089605	0.109721	0.088828	0.103015	64,116	3,342,570
9/21/16	0.091885	0.108689	0.083684	0.089594	25,055	2,907,093
9/20/16	0.091693	0.095192	0.088342	0.092006	16,831	2,985,369
9/19/16	0.089564	0.094541	0.087438	0.091407	19,860	2,965,907
9/18/16	0.091173	0.093325	0.079229	0.089569	21,066	2,906,266
9/17/16	0.08962	0.09954	0.086983	0.091196	17,071	2,959,064
9/16/16	0.091453	0.097241	0.08563	0.089619	28,540	2,907,895
9/15/16	0.101022	0.107936	0.089539	0.091469	41,269	2,967,945
9/14/16	0.106236	0.109602	0.098543	0.101005	35,247	3,277,351
9/13/16	0.1244	0.127319	0.087573	0.106208	19,875	3,446,174
9/12/16	0.11563	0.124874	0.106446	0.124346	51,928	4,034,706
9/11/16	0.121035	0.124868	0.112114	0.115594	38,448	3,750,726
9/10/16	0.123067	0.133594	0.118327	0.121045	37,643	3,927,597
9/9/16	0.117799	0.12726	0.115752	0.123079	38,159	3,993,595
9/8/16	0.121572	0.127038	0.117768	0.117768	27,773	3,821,266
9/7/16	0.12615	0.143651	0.115075	0.121572	45,954	3,944,696
9/6/16	0.120517	0.142898	0.112854	0.126141	46,509	4,092,949
9/5/16	0.117941	0.124986	0.113659	0.120508	17,030	3,910,172
9/4/16	0.12449	0.137175	0.111801	0.117911	35,037	3,825,906
9/3/16	0.116284	0.127083	0.112433	0.124428	30,357	4,037,366
9/2/16	0.122569	0.129755	0.115216	0.116316	29,200	3,774,153
9/1/16	0.14104	0.142634	0.095621	0.122566	48,368	3,976,949
8/31/16	0.144817	0.150905	0.10903	0.140999	47,380	4,575,052
8/30/16	0.169755	0.171925	0.116208	0.144788	81,513	4,697,995
8/29/16	0.171784	0.182971	0.137115	0.169748	53,047	3,810,403
8/28/16	0.146471	0.193703	0.118856	0.171783	42,174	3,856,083
8/27/16	0.131921	0.194443	0.117774	0.146525	53,544	3,289,107
8/26/16	0.126379	0.135595	0.118518	0.131624	19,212	2,954,618
8/25/16	0.129132	0.139204	0.121396	0.12636	18,483	2,836,455
8/24/16	0.145095	0.149744	0.11655	0.129119	28,178	2,898,387
8/23/16	0.143977	0.183711	0.133051	0.145134	47,773	3,257,882
8/22/16	0.144786	0.147696	0.125174	0.143998	18,454	1,792,402
8/21/16	0.158484	0.165474	0.140471	0.144813	20,765	-
8/20/16	0.146987	0.163935	0.14183	0.158489	24,926	-
8/19/16	0.139811	0.215528	0.130796	0.147009	50,492	-
8/18/16	0.138174	0.142335	0.13074	0.139779	19,808	-
8/17/16	0.138179	0.142926	0.121847	0.138202	18,829	-
8/16/16	0.135471	0.150286	0.131276	0.138045	25,961	-
8/15/16	0.148503	0.156014	0.128757	0.13544	15,302	-
8/14/16	0.154883	0.155101	0.131562	0.148478	10,938	-
8/13/16	0.156428	0.166311	0.144135	0.154937	30,778	-
8/12/16	0.169817	0.170068	0.14782	0.155941	20,358	-
8/11/16	0.184987	0.185254	0.162635	0.170772	29,844	-
8/10/16	0.167181	0.192224	0.160545	0.184903	17,369	3,734,098
8/9/16	0.174739	0.175596	0.151049	0.169797	14,986	3,429,033
8/8/16	0.179528	0.196012	0.166275	0.174715	11,921	3,528,352
8/7/16	0.181118	0.181962	0.171257	0.179511	7,942	3,625,207
8/6/16	0.168814	0.18682	0.156201	0.181113	18,227	3,657,559
8/5/16	0.171825	0.177318	0.156473	0.16887	25,716	3,410,313
8/4/16	0.171559	0.178511	0.164972	0.17183	25,837	3,470,090
8/3/16	0.155209	0.185071	0.153128	0.171038	17,217	3,454,095
8/2/16	0.174383	0.227272	0.15103	0.154217	21,636	3,114,397
8/1/16	0.198319	0.223192	0.173802	0.175498	16,031	3,544,165
7/31/16	0.13826	0.218052	0.137013	0.199696	132,170	4,032,841
7/30/16	0.141392	0.149002	0.131866	0.137746	14,427	2,781,767
7/29/16	0.146885	0.151978	0.136414	0.141554	21,824	2,858,669
7/28/16	0.119885	0.150183	0.119885	0.146859	28,811	2,965,803
7/27/16	0.134168	0.136655	0.112521	0.119914	13,136	2,421,651
7/26/16	0.133688	0.139074	0.127005	0.133338	18,661	2,692,748
7/25/16	0.134493	0.150331	0.123783	0.133696	16,621	2,699,977
7/24/16	0.124872	0.148167	0.124214	0.134478	21,961	2,715,770
7/23/16	0.149675	0.156878	0.116307	0.124882	25,395	2,521,980
7/22/16	0.151389	0.162389	0.112191	0.143888	39,019	2,905,804
7/21/16	0.153108	0.169005	0.149559	0.150635	25,727	3,042,059
7/20/16	0.208356	0.215629	0.133435	0.153761	20,923	3,105,188
7/19/16	0.21232	0.223314	0.133456	0.208303	69,371	4,206,169
7/18/16	0.177806	0.266942	0.175619	0.212778	76,360	4,287,264
7/17/16	0.178132	0.255556	0.168307	0.177644	81,962	3,571,861
7/16/16	0.196378	0.21284	0.176025	0.178521	50,777	3,581,560
7/15/16	0.207363	0.210666	0.16917	0.196554	57,296	3,935,021
7/14/16	0.221097	0.259125	0.179056	0.20722	45,894	4,139,095
7/13/16	0.2358	0.243955	0.189884	0.221508	63,046	4,414,599
7/12/16	0.212377	0.291018	0.196295	0.235799	117,417	4,688,875
7/11/16	0.208165	0.304506	0.190407	0.212381	128,799	4,214,064
7/10/16	0.218401	0.245175	0.163513	0.208283	107,172	4,123,389
7/9/16	0.314682	0.317695	0.164808	0.231754	362,292	4,577,524
7/8/16	0.301892	0.323615	0.285074	0.314733	56,608	6,202,333
7/7/16	0.341532	0.34943	0.226458	0.301469	151,495	5,927,272
7/6/16	0.362885	0.403975	0.187939	0.341383	174,240	6,696,552
7/5/16	0.17465	0.411811	0.160361	0.336428	705,698	6,583,963
7/4/16	0.133092	0.174563	0.121745	0.174563	214,753	3,408,159
7/3/16	0.097871	0.167689	0.063487	0.132673	141,323	2,584,251
7/2/16	0.048856	0.110379	0.048124	0.09771	110,116	1,898,741
7/1/16	0.050169	0.060326	0.043295	0.048935	11,622	948,700
6/30/16	0.030239	0.062666	0.030239	0.050221	60,475	971,371
6/29/16	0.030316	0.035902	0.028263	0.031199	55,971	602,021
6/28/16	0.029	0.034757	0.027149	0.030321	7,288	583,637
6/27/16	0.025952	0.044212	0.025899	0.028608	16,213	549,436
6/26/16	0.025258	0.049286	0.024684	0.03672	24,316	703,596
6/25/16	0.025311	0.028456	0.018107	0.025392	12,624	485,402
6/24/16	0.017263	0.028482	0.015818	0.027599	15,165	526,370
6/23/16	0.020511	0.02602	0.009681	0.017306	11,811	329,285
6/22/16	0.011441	0.0224	0.011441	0.020295	8,587	385,266
6/21/16	0.009529	0.020477	0.006576	0.011095	12,143	210,143
6/20/16	0.010221	0.01892	0.008274	0.00953	2,506	180,058
6/19/16	0.01264	0.0295	0.006283	0.010216	12,044	192,577
6/18/16	0.017847	0.030838	0.01087	0.012643	8,315	237,759
6/17/16	0.008686	0.024825	0.008597	0.017857	8,901	335,064
6/16/16	0.012187	0.035446	0.008217	0.008684	8,721	162,550
6/15/16	0.03745	0.049877	0.004936	0.012176	4,506	227,432
6/14/16	0.009648	0.038015	0.009043	0.037483	3,987	698,488
6/13/16	0.019587	0.019637	0.001739	0.009439	883	175,461
6/12/16	0.021385	0.021967	0.003207	0.01959	4,961	363,284
6/11/16	0.018723	0.021399	0.003049	0.021399	3,641	395,853
6/10/16	0.029628	0.029698	0.002877	0.018723	2,024	345,515
6/9/16	0.03299	0.033841	0.02955	0.029623	4,093	545,306
6/8/16	0.004547	0.033064	0.003589	0.033022	4,731	606,360
6/7/16	0.002583	0.019104	0.002412	0.004546	723	83,261
6/6/16	0.015885	0.015906	0.002637	0.002638	276	48,201
6/5/16	0.012312	0.016223	0.00387	0.015857	806	288,987
6/4/16	0.028764	0.02891	0.0053	0.012319	2,397	223,949
6/3/16	0.016181	0.02902	0.012575	0.028759	2,284	521,499
6/2/16	0.029524	0.029556	0.016061	0.016125	1,429	291,679
6/1/16	0.033552	0.033583	0.029072	0.029598	1,388	534,001
5/31/16	0.053554	0.053576	0.019607	0.033481	1,905	602,560
5/30/16	0.040041	0.058974	0.002633	0.056703	896	1,017,892
5/29/16	0.041038	0.043174	0.038703	0.039991	1,970	716,078
5/28/16	0.02561	0.041692	0.025562	0.041083	1,956	733,767
5/27/16	0.026024	0.027978	0.004989	0.025624	1,486	456,490
5/26/16	0.024755	0.028775	0.024051	0.024482	720	435,017
5/25/16	0.023461	0.025789	0.011835	0.025635	1,051	454,325
5/24/16	0.024207	0.026113	0.021447	0.023119	1,364	404,202
5/23/16	0.023326	0.029883	0.023308	0.024214	636	423,344
5/22/16	0.047249	0.047274	0.013138	0.023332	963	407,912
5/21/16	0.034401	0.069118	0.034274	0.047253	1,220	826,134
5/20/16	0.028858	0.068168	0.009807	0.034384	395	601,127
5/19/16	0.033076	0.066222	0.02596	0.028918	466	505,565
5/18/16	0.029665	0.033139	0.029063	0.033081	396	578,357
5/17/16	0.033707	0.033906	0.010111	0.029673	235	518,749
5/16/16	0.027399	0.034154	0.023333	0.033728	250	589,643
5/15/16	0.025972	0.027453	0.010086	0.027399	1,828	478,979
5/14/16	0.024716	0.026312	0.024353	0.025967	601	453,932
5/13/16	0.034919	0.034942	0.011846	0.024708	614	431,924
5/12/16	0.034569	0.035024	0.033321	0.034919	1,036	610,227
5/11/16	0.012564	0.034675	0.012274	0.034591	5,665	604,492
5/10/16	0.034316	0.034421	0.012538	0.012565	613	219,587
5/9/16	0.033864	0.035035	0.033792	0.034314	1,642	599,640
5/8/16	0.032134	0.033894	0.02768	0.03389	2,633	592,217
5/7/16	0.03578	0.035793	0.03206	0.032141	293	561,660
5/6/16	0.035618	0.035963	0.035229	0.035778	643	625,171
5/5/16	0.036216	0.037338	0.035574	0.035621	543	622,422
5/4/16	0.028666	0.03719	0.026826	0.036217	479	632,805
5/3/16	0.037518	0.04733	0.026807	0.028673	3,449	500,966
5/2/16	0.040321	0.040478	0.036708	0.037513	1,056	654,923
5/1/16	0.044579	0.044756	0.040264	0.040316	509	703,844
4/30/16	0.052867	0.053667	0.039259	0.044553	543	777,808
4/29/16	0.042399	0.053013	0.031532	0.052867	1,747	922,920
4/28/16	0.094001	0.094001	0.027691	0.042362	3,106	739,475
4/27/16	0.021413	0.112395	0.021366	0.093927	1,558	1,634,472
4/26/16	0.006164	0.063556	0.006164	0.021406	622	372,478
4/25/16	0.041345	0.061276	0.006161	0.006161	107	107,208
4/24/16	0.02736	0.041437	0.024934	0.041294	732	718,488
4/23/16	0.023088	0.02768	0.021875	0.027343	240	475,729
4/22/16	0.029714	0.030241	0.01117	0.023082	706	401,567
4/21/16	0.016925	0.029697	0.016567	0.029697	993	516,379
4/20/16	0.026954	0.027785	0.008628	0.016924	612	294,241
4/19/16	0.019918	0.02698	0.007275	0.026957	1,279	468,235
4/18/16	0.063249	0.063356	0.015128	0.019913	73	345,805
4/17/16	0.027407	0.063333	0.010886	0.063217	1,443	1,097,759
4/16/16	0.013199	0.029653	0.013181	0.027403	861	475,842
4/15/16	0.019808	0.023724	0.012153	0.013203	864	229,268
4/14/16	0.023138	0.023903	0.019739	0.019808	873	343,957
4/13/16	0.030099	0.03105	0.012737	0.023127	1,341	401,561
4/12/16	0.027804	0.034187	0.011357	0.030109	1,187	522,783
4/11/16	0.018793	0.030662	0.009694	0.02778	1,329	482,316
4/10/16	0.009659	0.022392	0.009659	0.018779	1,169	326,023
4/9/16	0.018026	0.034215	0.007437	0.009655	1,028	167,596
4/8/16	0.040652	0.049426	0.018002	0.018006	375	312,571
4/7/16	0.013002	0.042859	0.007293	0.040637	528	705,400
4/6/16	0.018008	0.018303	0.01275	0.012996	486	225,591
4/5/16	0.012524	0.01818	0.012514	0.017997	464	312,408
4/4/16	0.019154	0.019168	0.012522	0.012536	89	217,588
4/3/16	0.009608	0.019158	0.009366	0.019136	461	332,123
4/2/16	0.014863	0.017357	0.009402	0.009601	128	166,631
4/1/16	0.007083	0.015059	0.006862	0.014846	501	257,676
3/31/16	0.013942	0.01537	0.007069	0.007082	301	122,922
3/30/16	0.016374	0.018491	0.008729	0.013927	277	241,112
3/29/16	0.009866	0.020127	0.007595	0.016361	342	283,094
3/28/16	0.019151	0.019151	0.008107	0.009865	139	170,677
3/27/16	0.027149	0.027156	0.015245	0.019161	701	331,505
3/26/16	0.033863	0.035953	0.019909	0.027137	176	469,383
3/25/16	0.033782	0.034998	0.022802	0.033847	222	585,440
3/24/16	0.049264	0.04978	0.022819	0.033772	575	584,129
3/23/16	0.020445	0.052432	0.018738	0.049219	631	851,232
3/22/16	0.010951	0.020442	0.008504	0.020442	61	353,536
3/21/16	0.011206	0.013626	0.008514	0.010955	63	189,455
3/20/16	0.01221	0.01773	0.008725	0.011215	136	193,947
3/19/16	0.011385	0.012298	0.010165	0.012211	22	211,173
3/18/16	0.01266	0.01266	0.011365	0.011392	32	197,005
3/17/16	0.010879	0.012688	0.01084	0.012663	36	218,949
3/16/16	0.014502	0.015822	0.01025	0.010856	236	187,675
3/15/16	0.016751	0.019239	0.012483	0.0145	56	250,654
3/14/16	0.030715	0.042168	0.016722	0.016753	153	289,541
3/13/16	0.013689	0.031846	0.013562	0.030698	116	530,491
3/12/16	0.012645	0.017989	0.01168	0.013688	173	236,534
3/11/16	0.013371	0.018215	0.012617	0.012648	121	218,543
3/10/16	0.012971	0.020641	0.012941	0.013368	166	230,962
3/9/16	0.015047	0.022718	0.012052	0.012975	288	224,156
3/8/16	0.011012	0.025651	0.011012	0.01505	354	259,888
3/7/16	0.010971	0.047135	0.005692	0.011009	1,233	190,065
3/6/16	0.011542	0.012136	0.005148	0.01097	72	189,347
3/5/16	0.008893	0.012349	0.008034	0.011543	137	197,993
3/4/16	0.012668	0.017726	0.008896	0.008896	126	152,596
3/3/16	0.011658	0.019481	0.011558	0.012662	634	217,190
3/2/16	0.006657	0.017359	0.003139	0.01166	608	199,993
3/1/16	0.024083	0.02683	0.006657	0.006657	424	114,191
2/29/16	0.008123	0.0407	0.005267	0.024071	330	412,883
2/28/16	0.021447	0.02145	0.008121	0.008125	67	139,328
2/27/16	0.021819	0.021891	0.011416	0.021445	45	367,740
2/26/16	0.013161	0.021784	0.007118	0.021784	90	373,560
2/25/16	0.012775	0.022201	0.012672	0.013159	31	225,648
2/24/16	0.02946	0.031692	0.009429	0.012775	24	219,068
2/23/16	0.015546	0.029541	0.006398	0.029445	128	504,903
2/22/16	0.015672	0.01578	0.015453	0.01553	52	266,266
2/21/16	0.021871	0.031459	0.012964	0.015665	40	268,530
2/20/16	0.007474	0.036341	0.006342	0.021841	135	374,369
2/19/16	0.024988	0.02501	0.007445	0.00746	18	127,859
2/18/16	0.035076	0.035196	0.017276	0.024967	31	427,896
2/17/16	0.016306	0.071135	0.016228	0.035055	106	600,766
2/16/16	0.004475	0.082093	0.004424	0.016299	1,209	279,305
2/15/16	0.004219	0.010229	0.003753	0.004461	99	76,439
2/14/16	0.006676	0.007347	0.003444	0.004215	27	72,218
2/13/16	0.003845	0.007008	0.003344	0.006658	5	114,067
2/12/16	0.007593	0.011046	0.002495	0.003841	104	65,809
2/11/16	0.01322	0.013221	0.00293	0.007593	15	130,066
2/10/16	0.017233	0.017237	0.002628	0.013204	89	226,185
2/9/16	0.00097	0.024361	0.000436	0.017263	285	295,729
2/8/16	0.001427	0.002064	0.000993	0.000993	17	17,011
2/7/16	0.001433	0.001864	0.001407	0.001427	17	24,435
2/6/16	0.001456	0.00223	0.00138	0.001433	2	24,541
2/5/16	0.002435	0.002463	0.001443	0.001456	1	24,931
2/4/16	0.002354	0.002448	0.001313	0.002439	29	41,761
2/3/16	0.002398	0.002399	0.001311	0.002353	8	40,274
2/2/16	0.002384	0.002402	0.001695	0.002397	12	41,025
2/1/16	0.00267	0.00279	0.00152	0.002385	21	40,814
1/31/16	0.002881	0.002891	0.001241	0.002666	38	45,624
1/30/16	0.001854	0.003007	0.001845	0.002881	42	49,299
1/29/16	0.001703	0.003424	0.00119	0.001857	20	31,780
1/28/16	0.001592	0.003423	0.001529	0.001703	9	29,139
1/27/16	0.001688	0.004505	0.001208	0.001591	38	27,213
1/26/16	0.001682	0.00315	0.001676	0.001686	2	28,834
1/25/16	0.002012	0.005584	0.00168	0.00168	25	28,734
1/24/16	0.001362	0.006074	0.001361	0.002015	87	34,447
1/23/16	0.005737	0.005918	0.001357	0.00136	67	23,250
1/22/16	0.002872	0.008174	0.001192	0.005737	69	98,064
1/21/16	0.008135	0.010833	0.002853	0.002876	63	49,147
